34
17
9
5
3
2
34
51
59
63
65
66
Case #1: 66
287
144
72
36
18
9
5
3
2
287
430
502
538
556
565
569
571
572
Case #2: 572
439
220
110
55
28
14
7
4
2
3
439
658
768
823
850
864
871
874
876
875
Case #3: 876
443
222
111
56
28
14
7
4
2
3
443
664
774
829
857
871
878
881
883
882
Case #4: 883
479
240
120
60
30
15
8
4
2
3
479
718
837
897
927
942
949
953
955
954
Case #5: 955
223
112
56
28
14
7
4
2
3
223
334
389
417
431
438
441
443
442
Case #6: 443
488
244
122
61
31
16
8
4
2
3
488
731
853
914
944
959
967
971
973
972
Case #7: 973
29
15
8
4
2
3
29
43
50
53
55
54
Case #8: 55
93
47
24
12
6
3
2
93
139
162
174
168
165
163
Case #9: 2147483647
474
237
119
60
30
15
8
4
2
3
474
711
829
888
918
933
940
944
946
945
Case #10: 946
297
149
75
38
19
10
5
3
2
297
445
519
556
575
584
589
591
592
Case #11: 592
88
44
22
11
6
3
2
88
132
154
165
170
173
174
Case #12: 174
144
72
36
18
9
5
3
2
144
215
251
269
278
282
284
285
Case #13: 285
373
187
94
47
24
12
6
3
2
373
559
652
699
722
734
728
725
723
Case #14: 2147483647
339
170
85
43
22
11
6
3
2
339
508
593
635
656
667
672
675
676
Case #15: 676
364
182
91
46
23
12
6
3
2
364
545
636
681
704
715
709
706
705
Case #16: 2147483647
122
61
31
16
8
4
2
3
122
183
213
228
236
240
242
241
Case #17: 242
367
184
92
46
23
12
6
3
4
5
367
550
642
688
711
722
716
713
712
Case #18: 2147483647
295
148
74
37
19
10
5
3
2
295
442
515
552
570
579
584
586
587
Case #19: 587
493
247
124
62
31
16
8
4
2
3
493
739
862
924
955
970
978
982
984
983
Case #20: 984
359
180
90
45
23
12
6
3
2
359
538
628
673
695
706
700
697
696
Case #21: 2147483647
217
109
55
28
14
7
4
2
3
217
325
379
406
420
427
430
432
431
Case #22: 432
449
225
113
57
29
15
8
4
2
3
449
673
785
729
701
687
680
676
674
Case #23: 2147483647
75
38
19
10
5
3
2
75
112
130
139
144
146
147
Case #24: 147
323
162
81
41
21
11
6
3
2
323
484
565
605
625
635
640
643
644
Case #25: 644
80
40
20
10
5
3
2
80
119
139
149
154
156
157
Case #26: 157
133
67
34
17
9
5
3
2
133
199
232
249
257
261
263
264
Case #27: 264
212
106
53
27
14
7
4
2
3
212
318
371
397
410
417
420
422
421
Case #28: 422
202
101
51
26
13
7
4
2
3
202
303
353
378
391
397
400
402
401
Case #29: 402
238
119
60
30
15
8
4
2
3
238
356
415
445
460
467
471
473
472
Case #30: 473
454
227
114
57
29
15
8
4
2
3
454
681
794
851
879
893
900
904
906
905
Case #31: 906
415
208
104
52
26
13
7
4
2
3
415
622
725
777
803
816
822
825
827
826
Case #32: 827
9
5
3
2
9
13
15
14
Case #33: 15
263
132
66
33
17
9
5
3
2
263
394
459
492
508
516
520
522
523
Case #34: 523
85
43
22
11
6
3
2
85
127
148
158
163
166
167
Case #35: 167
429
215
108
54
27
14
7
4
2
3
429
643
750
803
830
843
850
853
855
854
Case #36: 855
195
98
49
25
13
7
4
2
3
195
292
340
364
376
382
385
387
386
Case #37: 387
484
242
121
61
31
16
8
4
2
3
484
726
847
907
937
952
960
964
966
965
Case #38: 966
390
195
98
49
25
13
7
4
2
3
390
584
681
730
754
766
772
775
777
776
Case #39: 777
342
171
86
43
22
11
6
3
2
342
513
598
641
662
673
678
681
682
Case #40: 682
501
251
126
63
32
16
8
4
2
3
501
751
876
938
969
985
993
997
999
998
Case #41: 999
183
92
46
23
12
6
3
2
183
274
320
343
354
348
345
344
Case #42: 2147483647
114
57
29
15
22
25
27
28
114
170
198
212
219
223
225
224
Case #43: 225
139
70
35
18
9
5
3
2
139
208
242
259
268
272
274
275
Case #44: 275
63
32
16
8
4
2
3
63
94
110
118
122
124
123
Case #45: 124
4
2
3
4
5
Case #46: 5
460
230
115
58
29
15
8
4
2
3
460
689
804
861
890
904
911
915
917
916
Case #47: 917
335
168
84
42
21
11
6
3
2
335
502
585
627
648
658
663
666
667
Case #48: 667
190
95
48
24
12
6
3
2
190
284
331
355
367
361
358
356
Case #49: 2147483647
274
137
69
35
18
9
5
3
2
274
411
479
513
530
539
543
545
546
Case #50: 546
434
217
109
55
28
14
7
4
2
3
434
651
759
813
840
854
861
864
866
865
Case #51: 866
403
202
101
51
26
13
7
4
2
3
403
604
705
755
780
793
799
802
804
803
Case #52: 804
310
155
78
39
20
10
5
3
2
310
464
541
580
599
609
614
616
617
Case #53: 617
19
10
5
3
4
19
28
33
35
36
Case #54: 36
394
197
99
50
25
13
7
4
2
3
394
591
689
738
763
775
781
784
786
785
Case #55: 786
44
22
11
6
3
2
44
65
76
81
84
85
Case #56: 85
382
191
96
48
24
12
6
3
2
382
573
668
716
740
752
746
743
741
Case #57: 2147483647
164
82
41
21
11
6
3
2
164
245
286
306
316
321
324
325
Case #58: 325
352
176
88
44
22
11
6
3
2
352
528
616
660
682
693
698
701
702
Case #59: 702
60
30
15
8
4
2
3
60
89
104
111
115
117
116
Case #60: 117
48
24
12
6
3
4
5
48
71
83
77
74
72
Case #61: 2147483647
153
77
39
20
10
5
3
2
153
229
267
286
296
301
303
304
Case #62: 304
423
212
106
53
27
14
7
4
2
3
423
634
740
793
819
832
839
842
844
843
Case #63: 844
199
100
50
25
13
7
4
2
3
199
298
347
372
384
390
393
395
394
Case #64: 395
267
134
67
34
17
9
5
3
2
267
400
467
500
517
525
529
531
532
Case #65: 532
234
117
59
30
15
8
4
2
3
234
350
408
437
452
459
463
465
464
Case #66: 465
469
235
118
59
30
15
8
4
2
3
469
703
820
878
907
922
929
933
935
934
Case #67: 935
174
87
44
22
11
6
3
2
174
260
303
325
336
341
344
345
Case #68: 345
328
164
82
41
21
11
6
3
2
328
491
573
614
634
644
649
652
653
Case #69: 653
208
104
52
26
13
7
4
2
3
208
311
363
389
402
408
411
413
412
Case #70: 413
409
205
103
52
26
13
7
4
2
3
409
613
715
766
791
804
810
813
815
814
Case #71: 815
109
55
28
14
7
4
2
3
109
163
190
204
211
214
216
215
Case #72: 216
304
152
76
38
19
10
5
3
2
304
456
532
570
589
598
603
605
606
Case #73: 606
320
160
80
40
20
10
5
3
2
320
479
559
599
619
629
634
636
637
Case #74: 637
463
232
116
58
29
15
8
4
2
3
463
694
809
867
896
910
917
921
923
922
Case #75: 923
284
142
71
36
18
9
5
3
2
284
426
497
532
550
559
563
565
566
Case #76: 566
120
60
30
15
8
4
2
3
120
179
209
224
231
235
237
236
Case #77: 237
99
50
25
13
7
4
2
3
99
148
173
185
191
194
196
195
Case #78: 196
68
34
17
9
5
3
2
68
102
119
127
131
133
134
Case #79: 134
159
80
40
20
10
5
3
2
159
238
278
298
308
313
315
316
Case #80: 316
104
52
26
13
7
4
2
3
104
156
182
195
201
204
206
205
Case #81: 206
249
125
63
32
16
8
4
2
3
249
373
435
466
481
489
493
495
494
Case #82: 495
243
122
61
31
16
8
4
2
3
243
364
425
455
470
478
482
484
483
Case #83: 484
349
175
88
44
22
11
6
3
2
349
523
610
654
676
687
692
695
696
Case #84: 696
314
157
79
40
20
10
5
3
2
314
471
549
588
608
618
623
625
626
Case #85: 626
397
199
100
50
25
13
7
4
2
3
397
595
694
744
769
781
787
790
792
791
Case #86: 792
147
74
37
19
10
5
3
2
147
220
257
275
284
289
291
292
Case #87: 292
380
190
95
48
24
12
6
3
2
380
569
664
711
735
747
741
738
736
Case #88: 2147483647
178
89
45
23
12
6
3
4
5
178
266
310
332
343
337
334
333
Case #89: 2147483647
127
64
32
16
8
4
2
3
127
190
222
238
246
250
252
251
Case #90: 252
278
139
70
35
18
9
5
3
2
278
417
486
521
538
547
551
553
554
Case #91: 554
227
114
57
29
15
8
4
2
3
227
340
397
425
439
446
450
452
451
Case #92: 452
419
210
105
53
27
14
7
4
2
3
419
628
733
785
811
824
831
834
836
835
Case #93: 836
170
85
43
22
11
6
3
2
170
254
296
317
328
333
336
337
Case #94: 337
22
11
6
8
9
10
22
33
38
41
42
Case #95: 6
40
20
10
5
3
2
40
59
69
74
76
77
Case #96: 77
15
8
4
2
3
15
22
25
27
26
Case #97: 27
255
128
64
32
16
8
4
2
3
255
382
445
477
493
501
505
507
506
Case #98: 507
257
129
65
33
17
9
5
3
2
257
385
449
481
497
505
509
511
512
Case #99: 512
54
27
14
7
4
2
3
54
81
94
101
104
106
105
Case #100: 106
