4
87 78 6 4
0 1 0 0 1 1 0 1 0 1 1 0 0 0 0 0 1 0 1 1 0 0 0 1 1 1 1 0 0 0 1 1 1 0 1 0 1 1 1 1 0 1 0 0 1 0 1 0 1 0 0 1 0 0 0 1 1 1 0 1 0 1 0 1 1 1 0 1 0 1 0 1 0 0 1 0 1 0 
0 0 0 0 0 1 1 0 1 0 0 0 0 1 0 0 0 0 1 1 0 0 0 1 1 1 0 1 0 0 0 1 0 0 1 1 1 0 1 0 1 1 1 1 1 1 1 1 1 1 0 1 1 0 1 0 1 1 0 0 1 0 1 1 1 0 0 0 1 0 1 0 1 0 1 0 1 1 
1 1 0 0 0 1 0 1 0 0 0 0 0 1 0 1 1 1 1 1 0 0 1 1 0 1 1 0 1 0 1 1 1 1 1 0 0 1 1 0 1 0 0 1 1 1 0 0 0 0 0 0 0 1 1 1 0 0 1 0 1 0 1 0 1 0 0 1 1 0 0 1 0 0 0 1 1 1 
0 0 1 0 0 1 1 0 0 0 0 1 0 1 1 1 0 0 1 0 0 0 0 0 1 0 0 0 0 0 1 0 0 0 0 0 1 1 0 0 1 1 1 1 0 1 0 0 1 1 1 1 0 1 1 1 0 0 1 0 0 0 0 0 0 0 0 0 1 1 0 1 0 1 0 0 0 1 
1 0 0 0 1 0 1 1 0 1 1 1 1 1 0 1 1 0 1 1 0 1 0 0 0 0 0 0 1 0 1 0 0 0 0 0 0 1 1 0 1 0 0 0 1 0 0 0 0 1 1 1 0 0 1 0 0 1 1 1 0 0 1 0 0 1 0 1 1 1 1 0 1 1 0 0 1 0 
0 0 0 0 1 0 0 0 1 0 0 0 0 0 0 1 0 1 1 1 0 0 0 1 0 0 1 0 0 0 1 1 0 1 1 1 1 1 0 0 1 0 0 1 0 1 1 0 0 0 1 0 0 0 1 0 0 0 0 0 1 1 1 1 0 0 1 0 1 1 0 1 1 1 0 1 0 1 
1 0 1 1 0 1 1 1 1 1 0 0 1 1 1 1 0 0 1 1 0 1 0 0 0 1 1 0 0 1 0 0 1 1 1 1 1 0 1 0 1 1 0 0 0 0 1 0 0 1 0 0 0 0 0 0 0 0 0 0 1 0 0 1 0 1 0 1 1 1 1 0 0 0 1 0 0 0 
1 0 1 1 0 1 1 0 1 1 0 0 0 0 0 0 1 0 0 1 1 1 1 1 0 1 1 1 0 1 1 1 1 1 0 1 0 1 1 0 1 0 0 1 0 0 1 1 1 1 0 0 1 1 1 1 1 0 0 1 1 1 0 0 0 0 1 1 1 1 1 0 1 1 1 1 1 1 
0 0 0 0 1 1 0 0 0 1 1 0 0 0 0 0 1 0 0 0 1 1 1 0 0 0 1 1 1 1 0 1 1 1 0 0 0 0 1 1 1 0 1 1 0 1 1 1 0 1 0 1 0 1 0 0 0 1 0 1 0 0 1 0 1 1 0 0 1 1 1 0 1 0 1 0 0 0 
1 0 1 1 1 1 1 1 0 1 1 0 0 1 0 1 1 0 0 0 0 1 1 1 1 1 1 0 1 1 0 0 1 1 0 1 1 1 0 1 0 1 1 0 1 1 0 0 1 0 0 1 0 0 0 1 1 0 0 0 1 0 0 1 0 0 0 1 1 0 0 1 0 1 0 1 0 0 
1 0 0 0 1 0 0 0 0 1 0 0 1 1 0 1 0 0 0 0 1 1 1 1 1 1 0 1 0 1 1 1 1 1 1 0 0 1 0 0 0 0 0 1 0 0 1 0 1 1 1 0 0 0 0 1 1 0 0 1 1 1 0 0 1 0 1 1 1 1 1 0 0 1 1 0 1 0 
0 0 1 1 1 0 1 1 1 0 1 0 1 1 1 0 1 0 0 0 1 1 0 0 1 0 1 1 0 1 1 0 1 1 0 0 1 1 1 0 0 1 0 1 0 0 1 1 0 1 0 0 1 0 0 0 0 0 1 0 1 1 0 0 0 0 1 1 0 0 1 0 1 0 1 1 0 1 
1 0 0 1 0 1 1 1 0 1 1 1 1 0 0 1 0 0 0 1 1 0 0 1 0 1 1 1 1 1 0 0 1 1 1 0 0 0 1 0 1 0 0 0 0 0 1 0 1 1 0 0 1 0 1 1 1 0 1 0 1 1 0 1 0 1 1 1 1 0 1 0 0 1 0 0 0 0 
0 1 1 0 1 1 0 1 0 0 1 1 0 1 1 1 0 1 0 1 0 0 1 0 0 1 1 1 1 1 1 1 0 0 0 0 1 0 1 0 0 0 1 1 1 0 0 1 0 0 0 0 0 1 0 1 0 0 0 1 1 1 1 0 1 1 0 1 1 1 1 0 1 0 1 1 1 1 
0 1 1 1 1 0 0 0 1 1 0 1 0 1 0 1 1 1 0 1 0 0 0 1 0 0 0 1 1 1 0 1 0 1 0 1 1 1 1 0 0 1 1 0 1 1 0 0 1 0 0 1 0 0 1 0 0 1 1 1 0 1 1 0 1 1 1 0 0 1 1 0 0 0 1 1 0 1 
0 1 1 0 0 0 0 1 0 1 0 0 0 0 1 1 0 0 1 0 1 1 1 0 0 1 0 1 1 0 0 1 1 1 1 0 1 1 1 0 0 0 0 1 0 1 0 1 0 1 1 1 1 0 1 1 1 1 0 0 0 0 1 1 1 0 1 1 0 1 1 0 1 1 1 1 0 0 
0 0 1 1 1 0 1 0 1 1 0 1 1 0 1 1 1 1 1 1 0 1 0 1 0 1 0 1 0 0 1 1 1 1 0 0 1 0 1 1 1 1 0 0 1 0 1 0 1 1 1 1 0 1 0 0 0 0 0 1 0 1 0 1 0 0 0 0 0 1 1 1 0 1 0 1 1 1 
1 0 0 1 1 1 0 1 1 1 1 1 0 0 1 0 1 1 0 1 1 1 0 0 0 0 0 0 1 1 0 1 0 0 0 1 1 0 1 1 1 0 0 1 0 1 1 0 1 0 1 0 1 0 1 1 0 1 0 0 0 0 1 0 0 1 0 0 1 1 1 1 1 1 0 0 1 0 
0 0 0 1 0 1 1 1 0 0 0 0 0 1 0 1 1 1 0 1 1 1 0 0 0 0 1 1 0 0 1 0 0 1 1 1 0 1 0 0 1 1 1 1 0 1 0 1 0 0 1 1 1 1 1 0 1 1 1 1 1 0 1 0 1 1 1 1 0 1 1 1 0 0 0 0 0 0 
0 0 0 1 0 1 0 1 1 0 0 0 1 0 0 1 0 1 0 1 0 0 0 0 1 1 0 1 1 0 1 1 1 1 0 1 0 1 0 0 1 1 0 0 1 1 1 1 0 1 0 1 1 0 1 0 1 1 1 1 0 0 0 1 1 1 0 0 0 0 0 1 1 0 1 0 1 1 
1 0 0 1 1 0 0 0 0 1 1 0 0 1 0 1 0 0 0 0 0 0 1 0 1 0 0 0 1 0 1 0 0 0 0 1 0 0 1 0 1 0 0 0 0 1 1 0 1 1 1 1 1 0 1 0 0 1 0 1 1 0 0 1 0 0 0 0 0 1 0 1 0 1 1 0 0 0 
0 1 1 1 0 0 1 1 0 0 0 1 1 0 1 1 1 1 1 0 1 1 1 1 1 1 0 0 1 0 1 0 1 0 1 1 1 1 0 1 1 1 0 0 1 1 0 0 0 1 0 1 1 0 1 0 1 1 0 1 0 1 1 1 0 0 1 1 1 1 0 0 0 1 1 1 0 1 
0 1 0 0 0 1 0 1 1 0 1 0 1 1 1 0 0 1 0 1 0 0 1 1 0 1 0 1 1 0 0 1 1 1 1 0 0 0 1 0 0 0 0 1 1 1 1 0 1 1 1 1 1 0 0 0 0 0 1 1 1 0 0 0 1 1 0 1 1 0 1 1 0 1 0 0 1 1 
0 0 1 1 1 0 0 0 0 0 0 0 1 1 0 1 0 1 0 0 0 0 0 0 1 1 1 0 1 0 1 1 0 0 0 0 1 0 0 1 0 0 1 1 0 1 0 0 0 1 0 1 1 1 1 0 0 0 0 1 1 0 0 1 0 0 1 1 1 1 1 1 0 0 1 0 0 1 
0 0 0 0 1 1 1 0 0 1 1 0 0 0 0 0 1 1 1 1 0 0 0 1 1 0 0 0 0 0 0 0 0 0 1 0 0 0 0 0 0 1 0 0 1 1 1 1 0 0 0 0 0 0 0 1 1 0 0 1 0 0 0 0 0 1 0 0 1 1 0 1 0 1 0 0 0 1 
1 0 1 1 0 1 1 0 0 0 0 0 0 0 0 0 1 1 1 1 1 0 0 0 0 1 1 0 1 1 1 0 1 0 1 1 1 0 0 1 1 0 0 1 1 0 1 0 1 0 1 1 0 0 1 0 1 0 0 0 1 1 0 0 1 1 1 0 1 1 0 0 0 0 1 1 0 0 
1 0 0 0 1 1 0 0 1 1 0 0 1 1 1 1 1 1 0 0 1 0 0 1 0 0 1 0 1 0 0 0 0 1 0 1 0 1 1 1 0 1 1 0 0 1 1 1 0 0 1 1 0 1 1 0 1 0 0 0 0 1 0 0 0 1 1 0 0 0 1 0 1 1 0 1 0 0 
0 0 0 0 1 0 1 0 0 1 1 1 1 1 0 0 0 0 1 1 0 1 0 1 1 1 0 0 1 0 0 1 0 0 1 0 0 1 0 0 0 1 1 1 1 1 1 1 1 0 0 1 1 0 1 1 0 1 1 1 0 1 0 0 1 0 0 1 1 1 1 1 0 1 0 1 0 0 
0 0 0 1 1 0 1 0 1 1 0 0 0 0 1 1 0 0 1 1 1 0 0 0 1 0 1 1 0 0 1 0 0 0 1 1 0 1 0 1 0 0 1 1 0 0 0 0 0 1 1 1 1 1 1 0 0 1 1 0 1 1 0 1 1 0 0 1 1 0 0 1 0 1 0 0 1 0 
1 1 1 0 0 0 0 1 0 0 0 0 0 1 1 0 0 0 0 1 1 1 1 1 1 0 0 1 0 1 0 1 0 1 0 0 0 0 1 0 0 0 0 0 1 1 0 0 1 1 1 0 0 0 1 1 0 1 1 1 0 1 0 0 0 0 0 0 0 0 1 0 0 1 0 1 1 1 
1 0 0 0 1 0 1 0 0 1 0 1 0 0 0 1 1 0 1 1 1 0 1 0 0 1 1 1 1 0 0 0 1 0 1 0 0 0 0 0 1 0 1 0 1 1 1 0 0 0 1 1 0 1 1 1 0 0 0 1 1 0 0 0 0 1 0 0 1 0 1 0 1 0 0 0 0 1 
0 0 0 1 1 0 0 0 1 1 0 1 0 1 1 0 1 1 1 1 0 0 0 1 1 1 1 1 1 1 1 1 1 1 0 0 1 1 0 1 0 1 0 0 0 0 1 0 1 0 1 1 1 1 0 0 0 0 1 1 1 0 0 1 1 1 1 1 0 0 0 0 1 0 0 1 0 1 
1 0 0 1 1 1 0 0 1 1 0 0 0 1 1 1 0 0 0 0 1 0 0 1 0 1 0 0 0 0 0 0 0 0 1 0 1 1 0 0 0 0 0 1 1 1 0 0 0 0 0 1 0 0 1 0 1 1 0 1 1 0 1 0 0 0 0 1 0 0 1 0 0 0 1 1 1 1 
1 1 1 1 1 1 1 0 1 0 1 0 0 0 0 1 0 1 0 0 0 0 0 0 0 0 0 0 0 1 1 1 1 1 1 0 0 0 0 0 1 1 0 1 1 0 0 0 1 0 0 0 0 1 0 1 1 0 1 1 1 0 1 0 1 0 0 0 0 0 0 1 1 0 0 1 0 1 
1 0 1 1 0 0 0 0 1 0 0 0 1 1 0 0 0 0 0 0 0 1 1 0 0 0 0 1 1 0 0 0 0 1 0 0 1 0 0 0 0 0 0 0 0 1 0 0 1 1 0 1 0 1 1 0 0 1 1 1 1 1 0 0 1 0 0 0 0 1 1 1 1 1 1 1 0 1 
1 1 0 0 0 0 1 1 1 1 0 0 1 0 0 1 0 1 1 0 1 1 1 0 0 1 0 1 0 0 1 0 0 1 0 0 0 1 0 1 1 0 1 0 0 1 1 0 0 0 1 0 1 0 0 0 1 0 1 0 1 0 0 1 0 0 1 0 1 1 1 0 0 0 0 0 0 1 
1 0 1 0 0 1 0 1 1 0 1 0 0 0 1 0 1 1 0 1 1 1 0 0 0 0 0 0 1 0 0 0 1 1 0 1 0 0 0 1 0 0 0 0 0 1 0 0 0 0 1 1 0 1 1 0 0 1 0 1 0 0 1 1 0 1 0 0 1 1 0 0 1 0 0 1 1 1 
1 1 1 0 0 1 0 1 1 0 0 0 1 0 0 0 1 0 1 0 1 0 1 1 0 0 1 1 1 0 0 1 1 1 1 1 1 1 0 0 1 0 0 0 1 1 0 0 1 1 0 0 0 1 1 0 1 0 1 1 0 1 0 1 1 1 0 0 1 0 0 0 1 1 1 0 0 1 
0 1 1 1 0 1 0 1 1 0 0 1 1 0 0 1 0 1 0 0 1 1 1 0 0 0 1 1 0 1 0 0 0 1 1 0 0 0 0 0 0 0 1 1 0 1 0 0 1 0 1 0 0 0 0 0 0 1 1 0 0 1 0 1 1 0 1 1 0 1 1 0 1 0 1 0 0 1 
0 1 1 1 1 1 1 0 1 1 1 0 1 0 0 0 1 1 0 0 0 0 0 0 0 1 0 1 1 0 0 0 1 1 1 1 1 1 1 0 0 0 1 0 0 1 0 1 0 0 0 0 0 0 0 0 1 1 1 1 1 1 1 1 0 0 0 1 1 1 0 0 1 1 0 0 0 0 
1 0 0 1 0 0 1 1 0 1 0 1 0 1 0 1 0 0 1 0 0 1 1 0 1 1 1 1 1 1 1 0 1 1 0 1 1 1 0 1 0 0 0 0 0 0 1 0 0 1 1 0 0 0 0 1 1 1 0 0 0 1 1 1 0 1 1 1 0 1 0 1 0 0 1 0 0 1 
0 0 0 1 1 0 0 1 1 1 1 1 0 1 0 1 1 0 0 0 1 0 1 1 1 1 1 1 1 1 0 0 1 0 1 0 0 1 0 1 1 1 0 1 0 0 0 1 0 0 1 1 0 1 0 0 0 1 1 0 0 1 0 1 1 1 0 1 1 0 0 0 1 0 1 1 0 1 
1 0 1 0 1 1 1 1 1 0 0 0 0 0 1 0 1 0 1 1 1 0 1 1 0 0 1 1 0 1 0 1 1 1 1 0 1 1 1 0 1 1 1 1 1 0 1 1 1 0 0 0 1 0 0 1 0 1 1 0 1 1 1 0 1 1 1 0 0 0 0 1 0 1 0 1 0 1 
0 1 1 1 1 0 1 1 0 1 1 1 0 0 0 1 0 1 0 1 1 0 0 0 1 0 1 1 1 1 0 0 0 0 1 0 0 0 1 0 1 0 1 1 0 0 1 1 1 1 0 1 0 0 1 1 0 0 1 0 0 1 0 0 1 1 0 0 1 0 0 0 0 0 0 1 0 1 
0 1 0 0 0 0 1 1 0 1 0 1 1 0 0 1 0 0 0 1 0 1 1 0 0 1 0 0 0 0 1 0 0 1 1 0 0 0 0 0 1 0 1 1 0 1 0 0 1 1 1 1 0 0 0 0 0 0 0 0 1 1 1 1 1 0 1 1 0 1 1 1 1 0 0 1 1 1 
0 1 0 1 0 0 0 0 1 0 1 1 0 0 1 1 1 0 1 0 1 1 0 0 1 1 0 1 1 1 0 1 0 0 0 1 1 0 1 0 0 0 1 1 0 0 0 1 0 0 0 1 1 0 1 0 1 1 0 0 1 0 1 1 1 0 0 0 0 0 0 1 0 1 0 1 0 0 
0 0 0 0 0 0 0 1 0 0 1 0 0 0 1 0 1 0 0 0 0 0 0 0 1 0 1 1 1 1 0 0 0 0 0 0 0 1 1 1 1 0 1 1 0 0 1 0 0 1 0 0 0 0 0 1 0 0 1 0 1 1 0 1 1 0 1 0 1 1 1 0 1 0 0 0 1 1 
0 1 1 0 0 1 0 0 0 0 0 1 0 0 0 0 1 0 1 1 0 0 0 1 1 1 1 1 1 0 0 1 0 1 1 0 0 1 0 1 0 1 0 0 1 1 1 0 1 0 1 1 0 1 0 1 1 1 0 0 0 1 0 0 0 1 0 1 1 0 0 1 1 0 1 0 1 0 
1 0 0 0 1 1 0 1 0 1 1 1 1 1 0 1 1 0 1 1 1 0 1 1 1 1 0 0 1 1 1 0 0 1 1 1 0 1 1 1 0 0 0 1 1 0 1 0 0 0 1 0 0 0 1 1 1 1 1 1 1 0 1 1 0 0 0 0 1 1 1 1 1 1 1 0 1 0 
0 0 0 1 0 0 0 1 1 1 1 0 0 0 1 0 1 1 0 1 1 0 1 1 1 0 0 0 1 0 0 1 0 0 1 0 0 1 1 1 0 0 0 1 0 1 1 1 0 1 1 1 1 0 0 1 0 1 1 1 1 0 1 1 0 0 1 1 1 0 0 1 1 0 0 1 1 1 
1 1 1 0 1 0 0 1 1 0 0 1 0 1 1 1 0 1 1 1 0 0 0 1 1 1 1 0 0 1 1 1 0 0 1 1 1 1 1 0 0 1 1 0 1 0 1 1 0 0 1 0 0 1 1 1 0 1 1 0 0 1 0 0 1 1 0 0 1 1 1 1 0 0 1 1 1 0 
1 1 0 0 1 0 1 1 1 1 0 1 1 0 0 1 0 1 1 0 0 0 1 1 1 0 1 0 1 0 0 0 1 0 0 1 0 1 0 1 0 0 0 0 0 0 1 0 0 0 1 0 0 0 1 1 0 0 1 0 1 1 0 0 1 1 1 1 0 1 1 1 1 1 1 1 0 0 
0 0 1 1 0 1 1 1 1 0 1 0 0 0 0 0 1 1 1 0 1 0 0 0 1 1 1 0 1 1 0 1 1 1 0 1 1 1 0 0 1 0 0 1 0 0 0 1 0 1 0 1 1 0 1 0 1 0 0 0 0 1 1 1 0 1 1 1 1 1 1 0 1 0 0 0 0 0 
1 0 1 1 1 1 1 0 1 1 1 0 1 1 1 1 0 1 0 1 1 1 1 0 0 0 0 0 0 1 0 0 1 1 1 1 0 1 1 0 0 0 0 1 1 1 0 0 0 1 1 1 0 0 0 0 1 0 0 1 1 0 1 1 0 1 0 0 0 1 0 0 0 0 1 1 1 0 
1 0 1 1 1 1 1 1 0 0 0 0 0 1 1 1 0 1 0 0 1 0 0 0 0 0 0 0 1 0 0 1 0 1 0 1 0 1 1 0 0 1 1 0 0 0 1 1 1 0 1 0 0 1 0 1 1 1 1 1 1 1 0 1 0 0 0 0 1 1 1 1 0 0 1 1 0 1 
0 1 1 1 1 1 1 0 0 0 1 1 1 0 0 1 1 0 1 1 1 1 1 0 0 1 0 0 0 0 1 0 1 0 0 0 1 1 0 0 1 1 1 1 1 0 0 0 0 0 0 1 1 1 1 1 0 1 1 1 1 0 1 0 0 1 1 0 0 1 0 0 1 1 1 0 1 1 
1 0 1 1 1 0 0 1 0 0 0 1 1 0 0 1 0 0 0 1 0 1 1 0 1 0 0 0 0 1 1 1 1 1 0 1 1 0 0 1 1 0 1 0 0 1 1 1 1 0 0 0 1 1 0 0 1 0 0 0 0 1 1 1 0 0 0 0 0 0 1 1 1 0 0 1 1 1 
0 1 1 1 1 0 0 1 0 0 0 0 0 0 0 1 1 0 1 0 0 0 0 0 1 1 0 1 1 0 1 1 1 0 0 0 1 1 1 1 1 1 0 1 1 0 0 1 0 0 1 1 0 1 1 1 1 1 1 0 1 0 1 0 0 0 0 1 1 0 1 0 1 1 1 1 1 1 
0 1 1 1 0 1 0 1 1 1 1 0 1 0 0 1 1 0 1 1 0 0 1 1 0 1 0 1 0 1 0 0 0 0 1 1 1 1 0 0 1 1 0 0 0 0 1 1 1 0 0 1 0 0 0 0 1 0 1 1 1 0 1 1 0 0 0 1 1 1 0 0 0 0 1 0 1 0 
1 0 1 0 1 1 0 1 0 1 1 1 0 0 1 1 1 1 1 0 1 0 1 1 1 1 1 0 0 0 0 1 0 1 1 1 1 1 0 1 0 1 0 0 1 0 1 1 1 0 1 0 1 0 1 0 1 1 0 1 1 0 1 0 0 0 1 1 0 0 0 0 1 0 1 1 0 0 
0 0 1 1 0 0 1 0 0 0 1 0 0 0 0 1 0 0 1 0 1 1 0 1 0 1 0 1 0 0 1 0 0 0 1 1 0 0 1 0 1 0 0 1 0 1 0 1 1 1 1 1 1 1 0 1 0 0 0 1 1 1 1 1 0 1 0 0 1 1 1 0 1 1 1 0 0 1 
1 0 1 0 1 0 1 1 1 1 0 1 0 1 0 0 0 0 1 1 1 0 0 0 1 0 1 0 0 0 0 1 0 1 1 1 1 0 0 0 1 0 1 0 1 1 0 0 0 1 1 1 1 1 1 0 1 0 1 1 0 1 0 0 0 1 1 1 1 0 1 1 0 0 1 0 1 1 
0 1 0 1 0 1 0 1 0 0 0 1 1 0 0 0 1 0 1 0 1 1 0 0 0 1 0 1 1 1 0 1 1 0 0 1 1 0 1 1 0 1 0 0 1 0 0 0 0 1 1 1 0 1 1 0 0 1 1 1 1 1 0 0 1 0 1 1 1 0 0 1 1 1 1 1 1 1 
1 0 1 0 1 1 0 1 0 0 0 1 0 1 1 0 1 0 1 1 1 0 1 0 1 1 1 1 0 0 0 1 0 1 0 0 1 0 1 1 0 1 0 0 1 1 1 0 0 0 1 1 0 1 1 1 0 0 0 0 1 1 1 1 0 1 1 1 1 0 0 0 0 1 0 1 0 1 
1 0 1 1 0 1 0 1 1 0 0 1 0 1 0 1 0 1 1 0 0 0 0 1 0 0 0 1 1 0 0 1 1 0 0 1 1 0 0 0 0 0 0 0 1 0 1 0 1 0 0 0 1 0 1 1 1 1 0 0 1 1 1 0 1 1 1 0 1 0 1 1 0 1 1 0 1 1 
0 1 1 0 1 0 0 0 0 1 1 0 0 0 1 1 1 0 1 0 1 0 0 0 0 1 1 1 1 0 0 1 1 0 1 0 0 1 0 0 1 1 1 1 0 0 0 1 1 1 1 0 0 0 0 0 1 1 1 0 1 0 1 1 0 0 1 0 1 0 1 0 1 0 1 1 0 0 
0 1 1 0 1 1 0 1 1 1 0 1 1 0 1 0 1 1 0 0 1 1 0 0 0 0 0 1 1 1 1 0 0 1 0 0 0 0 1 0 1 0 1 0 0 0 0 1 1 0 1 0 1 0 1 1 0 1 1 1 0 0 1 1 1 1 1 0 1 0 0 0 0 1 0 0 1 0 
1 0 0 1 0 0 1 1 1 1 1 0 0 1 1 0 0 0 1 1 0 1 0 0 1 0 1 0 1 0 0 0 0 1 1 1 1 0 0 0 1 1 1 0 1 0 0 1 0 1 1 1 0 1 1 0 1 1 0 0 1 0 1 0 1 0 1 0 1 1 1 0 1 0 0 0 0 0 
1 0 0 0 1 0 1 1 0 1 0 0 1 1 1 0 1 0 1 0 1 0 0 0 0 1 0 1 1 0 1 0 0 1 1 0 0 0 1 0 1 1 1 1 0 0 1 0 0 0 0 1 0 0 1 1 1 1 0 0 1 1 1 0 1 0 0 1 0 1 1 0 0 0 1 0 0 0 
0 1 1 1 0 1 1 0 0 1 1 0 1 1 0 0 1 1 0 1 0 1 0 1 1 0 0 0 0 0 0 1 1 1 0 0 1 1 0 1 0 1 0 0 0 0 0 1 1 1 0 1 0 0 0 1 0 0 1 1 1 1 0 0 1 0 0 0 1 0 1 0 0 1 0 0 1 0 
0 0 1 0 1 1 1 0 0 1 0 1 0 1 1 0 0 0 0 0 0 0 1 1 0 1 1 0 1 0 0 1 1 0 0 0 1 1 0 0 0 1 1 1 0 0 1 0 0 0 1 0 0 0 0 0 1 1 0 0 1 0 0 0 0 0 1 0 1 1 0 1 0 1 0 1 0 0 
1 0 0 0 1 0 0 1 0 1 0 0 0 1 0 0 0 1 0 1 1 1 0 1 0 1 0 1 0 0 1 1 1 1 0 0 1 0 1 1 0 1 1 0 0 1 0 0 0 0 1 1 1 0 0 1 1 1 0 1 1 1 0 0 0 0 0 1 1 1 0 1 0 1 1 1 1 1 
1 1 1 1 1 0 1 1 1 0 0 0 1 0 1 1 0 0 0 1 1 1 0 0 0 1 1 1 0 0 0 1 0 1 0 1 1 1 0 0 1 1 0 0 1 0 0 1 0 0 0 1 1 1 1 1 0 1 0 0 1 0 1 1 1 0 0 0 1 1 0 1 0 1 1 1 1 1 
0 1 1 1 0 0 0 0 1 0 1 1 0 0 1 1 0 0 1 0 0 1 1 1 0 1 0 1 0 1 1 1 0 0 0 0 1 0 0 0 0 1 0 0 0 1 1 0 0 1 0 0 0 0 1 0 1 1 1 0 0 0 1 0 1 1 1 0 1 1 0 1 1 0 1 1 0 0 
1 0 1 1 0 1 1 0 1 1 1 1 1 0 1 0 0 0 1 1 0 0 1 1 1 0 1 0 1 1 0 0 1 0 1 0 1 1 0 1 0 1 0 1 1 1 1 0 0 0 1 0 0 0 1 1 0 1 1 1 0 1 1 0 1 1 0 1 0 0 0 0 1 0 1 1 1 0 
1 1 0 0 0 0 1 1 1 1 0 0 1 1 1 0 1 1 1 1 0 1 1 0 1 0 0 0 1 1 0 0 1 0 1 1 0 0 0 1 1 1 1 0 0 1 1 1 0 0 0 0 0 1 0 1 1 0 0 1 1 0 1 0 1 0 1 1 0 0 1 0 1 0 0 1 1 1 
0 1 0 0 1 0 1 1 1 0 1 1 1 1 0 1 1 1 1 1 0 0 1 1 0 0 0 0 1 1 0 1 1 0 1 0 0 0 0 1 0 1 1 0 0 1 1 0 0 0 1 0 0 0 0 0 0 0 1 1 1 1 0 0 1 1 1 1 1 1 0 1 0 1 1 1 0 0 
1 0 1 0 1 1 0 1 0 0 1 1 1 0 0 1 1 1 0 0 0 1 1 0 0 1 0 0 0 0 0 1 1 1 1 0 1 1 1 1 1 0 0 0 0 0 1 1 1 1 1 1 0 0 1 1 0 1 1 0 0 1 0 1 1 1 1 0 1 0 1 0 0 1 1 0 1 0 
0 0 0 1 1 0 0 0 1 0 0 0 0 0 0 0 1 1 0 0 1 1 0 0 1 0 1 0 0 0 1 0 0 1 0 1 1 0 1 1 0 1 1 0 1 1 1 0 0 1 0 1 0 0 1 1 0 0 0 1 0 1 1 0 0 1 1 1 1 1 0 1 0 0 0 0 1 1 
0 0 0 1 1 0 1 1 1 0 1 1 1 0 0 0 0 0 0 0 0 1 1 0 1 1 0 1 1 0 0 0 0 0 1 1 0 0 0 1 0 0 1 1 0 1 0 0 0 0 0 0 1 1 0 0 1 1 1 0 1 1 0 1 1 1 0 1 0 1 1 0 1 0 0 1 1 0 
1 1 0 0 1 1 1 0 0 0 1 1 1 0 1 1 1 0 1 1 0 1 0 1 1 1 1 1 0 0 1 0 0 1 0 1 1 1 1 1 0 0 0 1 0 1 0 1 0 1 1 0 0 1 1 0 1 0 1 1 0 1 1 0 0 1 0 1 1 1 0 1 0 1 0 0 0 0 
0 0 0 1 0 0 0 1 0 1 1 0 1 0 1 0 0 1 0 0 1 1 0 1 0 0 0 0 0 1 0 0 1 0 1 0 1 0 1 1 1 1 1 0 1 0 1 1 0 1 0 1 0 0 0 0 0 1 0 0 0 0 1 1 1 0 1 0 0 1 1 0 0 1 0 1 1 1 
0 1 0 0 0 0 0 1 0 0 0 0 1 0 1 0 1 0 0 1 0 1 0 1 1 0 0 1 1 0 1 1 1 1 0 0 0 0 1 0 1 1 1 0 1 0 0 0 0 0 1 0 1 1 1 0 1 0 0 0 0 1 0 1 0 0 1 0 0 0 1 1 1 0 1 0 0 1 
1 0 0 0 0 1 0 1 0 1 1 0 0 1 1 0 1 1 0 0 0 0 1 1 0 0 1 1 1 1 1 0 1 1 0 1 0 0 0 0 0 0 0 0 1 1 0 0 1 0 1 1 0 0 0 0 0 1 0 1 0 1 1 1 0 0 0 0 0 0 1 0 0 1 0 0 1 0 
0 0 0 1 1 1 1 1 1 0 0 1 1 0 0 1 1 0 1 1 1 1 1 0 0 0 1 0 0 0 1 0 0 1 0 1 0 1 0 0 1 0 1 1 0 0 0 1 0 1 0 1 0 0 1 0 0 1 1 0 1 0 0 0 1 0 1 0 0 0 0 1 0 1 0 1 1 0 
0 0 1 1 1 0 1 1 0 1 0 1 1 1 1 1 1 1 0 1 1 0 1 1 1 1 0 0 0 0 0 1 0 0 0 1 0 1 0 0 0 0 0 1 0 1 0 1 0 0 0 1 0 1 0 0 1 1 0 1 1 0 0 1 0 0 0 0 1 1 1 1 1 1 0 1 0 1 
1 1 1 1 0 0 1 1 0 0 0 0 1 1 0 0 0 1 0 0 1 0 1 0 1 1 1 0 0 0 1 1 1 0 1 1 0 0 0 0 0 0 0 1 1 1 1 1 0 0 0 1 0 1 0 1 0 1 1 1 1 0 0 0 1 1 0 1 1 0 0 1 1 0 1 0 1 0 

35 80 3 5
0 1 0 1 1 0 0 0 1 1 0 0 1 0 1 1 0 0 0 1 0 0 0 1 1 0 0 1 0 0 0 0 1 0 0 0 0 0 0 0 1 0 0 0 1 1 1 1 1 0 0 0 0 0 1 1 1 1 0 1 1 0 0 0 1 0 0 1 0 1 1 1 1 1 1 0 0 1 0 0 
0 1 0 0 1 1 1 0 0 0 0 1 0 1 1 0 0 1 1 1 1 0 1 0 1 0 0 0 1 1 0 1 0 0 1 1 1 0 1 1 0 1 1 0 0 0 1 0 0 0 0 1 0 1 0 1 1 0 1 0 1 1 1 1 0 0 0 1 0 1 1 1 0 0 1 1 0 0 1 0 
0 1 0 0 0 0 0 0 0 1 0 1 1 0 0 1 0 0 0 1 1 1 0 1 1 1 0 0 0 0 0 0 1 0 1 0 0 1 0 0 0 0 1 1 0 1 0 1 1 1 0 0 0 0 0 0 1 0 0 1 0 0 0 0 1 1 0 1 0 0 0 0 0 1 0 1 1 0 0 0 
1 0 1 0 0 1 0 1 1 0 1 0 0 1 0 1 0 0 1 0 0 1 0 0 0 0 1 1 1 1 0 0 1 1 0 1 0 0 1 1 0 0 1 1 1 1 0 1 1 1 1 1 0 1 0 1 0 1 0 1 1 0 1 0 1 0 0 1 0 1 1 1 1 0 0 0 0 0 1 1 
0 0 1 0 1 1 1 1 0 0 0 1 0 0 0 0 0 0 1 0 1 0 1 0 1 1 0 1 0 1 0 0 1 1 0 0 0 0 0 1 0 0 0 0 0 0 0 0 0 0 1 1 0 0 1 1 0 1 0 0 0 1 0 1 0 0 0 1 0 0 0 0 0 0 1 1 1 1 1 1 
1 0 1 0 1 0 1 1 0 0 1 0 1 1 0 1 1 0 0 0 0 0 0 0 1 1 1 0 1 1 1 0 1 0 0 0 1 0 1 1 0 0 1 1 1 1 0 1 1 1 1 1 1 1 0 0 1 1 0 0 0 0 0 0 0 1 0 1 1 0 0 1 0 0 0 0 1 0 1 1 
1 0 0 1 1 0 1 0 0 0 0 0 0 1 0 0 0 1 0 1 1 0 0 1 0 0 1 0 0 0 1 0 0 1 1 0 0 0 0 0 0 1 0 0 0 1 1 0 0 1 1 1 1 1 0 0 1 0 0 1 0 1 1 1 0 0 1 0 1 1 0 1 0 1 0 0 0 1 0 0 
0 1 1 1 0 1 1 1 1 1 1 0 0 0 1 1 1 0 1 0 1 0 1 0 1 1 0 1 0 1 1 0 0 0 0 1 1 1 0 1 1 1 1 1 0 0 0 1 0 0 1 1 0 0 1 1 0 0 0 0 1 1 1 1 1 1 0 0 0 1 1 1 0 0 1 0 0 1 1 0 
1 0 0 1 1 1 0 1 1 0 1 0 1 0 0 0 1 0 1 0 1 0 1 0 1 0 0 1 0 0 0 1 0 0 1 1 1 1 0 1 0 0 1 1 0 1 0 0 0 1 0 1 1 1 1 0 0 0 0 0 0 0 1 0 0 0 0 1 0 0 0 0 0 0 1 1 1 1 1 1 
0 1 1 0 0 0 0 0 0 0 0 0 0 0 1 0 0 1 0 0 1 0 0 0 0 0 1 0 1 0 1 0 1 0 0 1 1 0 0 1 1 0 0 1 0 1 0 1 0 0 1 1 0 0 1 1 0 0 1 1 0 0 1 1 1 1 1 0 0 1 1 1 1 1 0 0 0 0 1 0 
0 0 0 1 0 1 0 0 0 1 0 0 1 1 0 0 1 1 0 1 0 0 0 1 1 0 1 0 1 0 0 1 1 0 0 1 0 0 0 0 1 0 0 1 1 0 1 0 1 0 1 1 0 1 1 1 0 0 1 1 1 0 0 0 0 1 1 0 1 1 0 1 1 1 0 1 1 1 1 1 
1 1 0 1 0 1 1 0 0 0 1 1 0 0 1 1 1 0 1 0 0 0 1 1 1 1 0 0 1 0 1 0 1 0 0 1 1 1 0 1 1 1 0 0 1 1 1 0 0 0 1 0 0 0 1 1 0 0 0 1 0 1 1 1 1 1 0 1 0 0 0 0 0 1 0 1 0 1 0 0 
1 1 0 0 1 0 1 1 0 1 0 0 1 0 1 0 1 1 1 0 0 0 0 0 1 0 1 1 1 1 0 0 0 0 0 0 0 0 1 0 1 0 0 0 0 1 1 1 1 0 1 1 0 1 1 1 1 0 1 0 0 1 1 0 1 1 0 0 1 0 0 1 0 1 1 0 0 0 1 1 
1 1 0 1 0 1 1 0 0 0 0 0 1 1 0 0 1 1 0 0 1 1 1 1 0 1 1 0 1 0 0 0 1 0 0 0 0 1 0 0 1 0 0 0 0 0 0 1 1 1 1 0 0 1 1 0 0 0 0 1 1 0 0 0 1 0 0 1 1 0 1 0 1 1 0 1 1 0 0 1 
1 1 1 1 0 1 1 0 1 0 0 0 0 0 1 1 0 1 0 1 0 1 1 1 0 1 0 0 1 0 1 1 1 0 0 0 1 0 0 1 0 0 1 0 0 0 0 0 0 0 1 0 0 0 1 0 1 1 0 1 1 1 0 0 0 0 0 1 0 1 0 0 1 0 1 0 0 1 0 0 
1 0 0 1 0 1 0 0 0 0 1 1 0 1 0 0 1 0 1 0 1 0 0 1 0 1 1 0 0 1 1 0 1 1 1 0 1 1 0 1 0 1 1 0 0 1 0 1 1 1 1 1 1 0 0 1 1 1 0 0 0 1 0 0 0 1 0 1 1 0 1 1 1 0 1 1 1 1 0 0 
0 0 1 0 0 1 1 1 0 1 1 1 0 1 1 1 1 1 0 0 1 1 1 0 1 0 1 0 1 1 1 1 1 0 1 1 0 1 1 0 0 0 1 1 0 0 0 1 1 0 1 0 0 0 0 1 0 1 0 1 1 1 0 0 1 0 0 1 1 1 0 1 1 1 0 1 0 0 0 1 
1 1 0 1 1 0 0 1 0 0 0 1 1 1 1 1 1 1 0 0 0 0 1 0 0 0 1 0 0 0 1 1 1 1 0 1 0 1 0 0 1 1 1 1 0 0 0 1 0 0 1 0 1 0 0 1 0 0 1 1 0 0 0 1 0 1 0 0 0 1 0 1 0 1 0 0 1 0 1 1 
1 0 0 0 0 0 1 1 0 0 0 0 0 0 0 0 1 0 0 1 1 0 1 1 1 1 1 1 0 0 0 1 0 0 1 1 1 0 0 1 0 0 0 0 0 0 1 0 0 1 1 0 0 0 1 1 0 1 0 0 1 1 1 0 1 0 1 0 0 1 0 0 1 0 0 1 0 1 1 0 
1 1 0 1 1 0 0 1 1 1 1 0 0 0 0 1 0 1 0 0 0 0 0 1 0 1 1 0 0 0 0 1 1 1 0 1 1 1 0 0 0 0 0 0 0 1 1 1 0 1 1 1 1 0 0 1 1 1 1 1 0 0 1 1 1 1 0 0 0 1 0 0 1 0 0 1 1 0 0 0 
1 0 1 1 0 1 0 1 1 0 0 1 0 1 0 1 1 1 1 1 0 1 0 1 1 0 0 1 0 1 1 0 1 0 1 1 1 1 0 0 1 0 1 1 0 0 0 1 1 1 0 1 0 0 0 0 1 0 1 1 1 0 1 0 0 0 1 1 0 1 0 1 0 1 1 0 1 1 1 0 
1 1 1 1 0 1 1 1 0 0 0 1 0 0 0 0 0 1 0 0 1 0 0 1 1 1 1 1 0 0 1 1 1 1 1 1 0 0 0 0 1 1 0 1 1 0 0 1 1 0 0 0 0 0 1 1 1 0 0 1 0 0 1 0 1 0 1 1 0 0 0 1 1 0 1 0 0 1 1 1 
1 1 0 1 1 1 0 0 0 1 0 0 1 1 0 0 1 0 1 1 0 1 1 1 1 0 1 1 1 0 1 0 0 1 1 1 0 1 0 0 0 0 1 1 1 1 1 0 1 1 1 1 0 0 0 0 0 1 1 1 0 0 1 0 1 0 1 0 0 1 0 0 1 1 0 0 1 1 0 0 
0 0 0 1 0 0 1 1 0 0 0 0 1 0 0 0 0 1 0 0 1 1 1 0 0 1 1 1 0 1 0 1 1 0 0 0 0 1 1 0 1 1 0 0 1 0 1 0 0 1 0 1 0 1 1 1 0 0 0 1 0 0 0 1 0 0 1 1 1 0 1 0 0 0 1 1 0 0 1 0 
1 0 1 0 1 1 1 0 1 1 1 1 0 1 1 0 1 0 1 0 1 1 0 1 1 1 0 1 1 0 0 1 0 1 1 1 0 0 1 0 1 0 1 1 1 0 0 0 1 1 0 0 0 1 1 1 0 1 1 0 1 1 1 1 0 0 1 1 0 0 1 1 1 0 1 0 1 1 1 0 
0 1 0 1 0 1 0 1 0 1 1 0 0 0 1 1 0 0 0 0 1 1 1 0 1 0 0 0 1 1 0 0 1 0 1 1 1 1 0 0 1 1 0 1 1 1 0 1 0 0 1 1 1 1 1 1 1 1 1 1 1 0 1 0 0 0 1 0 1 0 0 0 1 0 0 1 1 0 0 1 
1 0 0 0 1 1 1 0 1 1 1 0 1 0 0 1 0 1 1 0 1 1 0 1 1 0 0 1 1 0 0 0 0 1 0 1 0 0 0 1 1 1 1 0 0 1 1 0 1 1 0 0 0 1 1 0 1 1 1 0 0 1 0 0 0 1 0 1 1 0 0 0 1 0 0 1 1 1 0 0 
0 0 1 1 1 0 1 1 0 0 1 0 1 0 0 0 1 0 1 0 0 1 0 0 1 0 1 1 1 1 1 0 0 0 1 1 1 0 0 1 0 0 1 1 0 1 1 1 0 0 1 0 0 1 0 1 1 0 0 0 1 0 0 1 0 1 1 1 1 1 0 1 1 1 1 1 1 0 0 1 
1 1 1 1 0 0 0 1 0 1 0 1 1 0 1 1 0 0 1 1 1 1 1 1 1 0 0 0 0 1 1 1 0 0 0 1 0 1 0 0 0 0 0 1 1 1 0 1 1 1 0 0 1 1 1 0 1 0 0 0 1 1 1 1 1 0 0 0 1 1 0 1 1 0 0 0 1 0 1 0 
0 0 1 1 1 0 1 1 0 1 1 1 0 0 1 1 0 1 1 1 0 0 0 0 0 0 0 0 1 0 0 1 0 1 0 1 0 1 0 0 0 1 0 0 0 1 1 0 0 1 0 1 1 0 1 1 1 1 1 0 1 0 1 1 1 1 1 1 0 1 0 0 1 0 0 1 1 1 1 1 
0 1 0 1 0 1 1 1 1 0 1 0 0 0 0 0 1 1 1 1 0 1 1 1 1 1 0 0 0 0 0 1 1 0 0 1 0 1 0 1 0 1 1 0 1 1 0 0 0 0 1 1 1 0 0 1 1 1 1 0 1 1 1 0 0 1 0 0 1 0 1 1 0 0 1 1 0 0 0 0 
0 1 1 1 0 0 0 1 1 0 1 0 1 0 0 1 0 0 1 1 1 0 0 1 1 1 0 1 1 0 1 1 0 1 1 0 1 1 1 0 1 1 0 1 1 0 0 1 1 0 0 0 0 0 1 1 0 1 0 1 0 0 1 0 1 0 0 0 1 1 0 1 0 0 0 0 0 0 1 1 
0 0 1 1 0 0 0 0 0 1 0 0 1 1 0 0 1 0 0 0 1 0 1 0 0 1 0 0 0 1 0 0 1 1 1 0 0 0 0 0 1 0 0 0 1 0 0 0 0 0 1 1 0 0 1 0 0 1 0 0 1 0 0 0 0 0 0 0 0 1 0 1 1 0 1 1 0 1 1 0 
1 0 1 1 1 1 1 1 0 1 1 1 0 1 0 0 1 0 0 1 1 0 0 1 0 1 0 0 0 1 0 1 0 1 0 1 0 1 0 1 1 1 0 1 0 0 1 0 1 1 1 0 1 0 1 1 1 1 1 0 1 1 1 1 0 0 0 1 1 0 0 0 1 0 1 1 1 0 1 0 
1 1 0 0 1 0 1 0 1 0 0 0 1 0 1 0 0 1 1 1 1 1 0 0 1 1 0 0 0 1 0 1 0 1 0 1 1 1 0 0 0 0 1 1 0 0 1 0 0 0 0 1 1 0 0 1 1 0 1 1 1 0 1 0 1 1 1 0 0 1 0 0 0 1 0 0 0 1 1 0 

15 40 10 8
0 1 1 0 0 1 0 0 1 0 1 1 1 0 0 1 0 0 1 1 0 1 1 0 1 0 1 1 0 0 0 0 1 0 0 0 1 0 0 0 
0 0 1 1 1 1 0 0 1 0 0 0 0 1 1 0 0 0 0 1 0 0 1 0 0 1 1 0 1 1 0 1 0 1 1 1 0 1 0 1 
1 0 0 1 1 1 1 1 1 1 0 0 0 1 0 0 1 1 0 0 1 0 1 1 1 0 0 1 1 0 0 0 0 0 1 1 0 1 0 1 
0 0 1 0 0 0 0 1 1 0 1 0 0 0 1 1 1 0 0 0 0 1 1 1 1 0 0 1 1 1 1 0 1 0 0 1 0 1 0 0 
1 1 0 0 0 0 1 1 0 0 1 0 1 0 1 0 1 0 0 0 1 1 0 0 1 1 0 0 0 0 0 1 0 0 1 0 0 1 1 0 
1 0 1 0 1 0 0 0 0 0 0 1 1 1 0 1 0 0 1 0 0 1 1 0 1 1 0 0 0 1 0 1 0 1 1 1 0 1 1 0 
0 1 0 1 0 0 0 0 0 1 0 0 0 0 1 0 1 1 0 1 1 0 0 1 0 1 0 0 0 1 0 0 0 0 0 1 0 0 1 0 
0 0 1 0 0 0 0 1 1 0 0 0 1 0 1 1 1 1 1 1 0 1 0 1 0 0 0 0 0 1 1 0 1 0 1 1 0 1 0 1 
0 0 0 1 0 1 0 1 1 1 1 1 0 1 0 0 1 0 1 1 0 0 0 1 0 1 1 0 0 1 1 0 0 1 1 0 1 1 0 0 
0 1 1 1 0 0 1 1 0 0 0 0 0 0 0 0 1 1 0 0 0 0 0 0 1 0 1 0 1 1 0 0 0 0 1 0 0 0 1 0 
1 1 1 1 0 1 0 1 0 0 1 0 0 0 1 0 0 0 0 1 1 1 1 1 1 0 1 1 1 0 1 0 1 0 1 1 1 1 1 1 
0 0 0 0 0 1 0 0 1 1 0 0 0 1 1 1 0 0 0 1 0 1 1 1 0 0 1 1 0 0 1 0 0 1 0 1 0 1 1 1 
0 1 1 0 1 0 1 1 0 1 0 0 0 1 1 0 1 0 0 1 0 1 1 1 0 0 0 0 1 1 1 1 1 0 1 0 0 0 1 0 
1 1 0 1 0 1 0 1 0 0 1 0 1 0 1 1 0 1 1 1 1 0 0 0 0 1 0 0 1 1 0 0 0 0 0 0 1 0 1 1 
0 0 0 1 1 1 0 1 1 1 1 0 1 1 0 1 1 0 1 0 1 1 1 1 1 1 1 0 1 0 0 1 1 0 0 0 1 0 1 0 

10 85 5 7
0 0 0 1 1 0 0 1 1 1 0 0 0 1 1 0 0 0 0 1 1 0 1 1 0 1 0 0 0 1 1 0 1 1 1 0 0 1 1 1 0 0 0 0 1 1 1 0 1 1 1 0 0 1 1 0 0 0 0 1 1 1 1 0 1 1 0 1 0 1 0 1 1 0 1 1 0 0 1 1 0 0 0 0 0 
1 1 0 0 1 0 1 0 0 0 0 1 1 0 0 0 0 0 1 1 1 0 0 1 1 1 0 1 0 0 1 1 0 1 1 1 1 0 0 1 1 0 0 0 1 0 0 1 1 1 0 0 0 1 1 1 0 1 0 0 0 1 0 0 0 1 1 1 0 1 1 1 0 1 1 1 0 0 0 1 1 0 1 1 1 
0 0 0 1 0 0 1 1 0 1 1 0 1 1 0 0 0 1 0 1 0 1 1 0 1 0 0 0 1 1 1 1 0 1 1 0 0 0 0 0 0 1 0 1 0 0 1 0 1 0 0 0 1 1 0 1 0 0 1 1 0 0 1 0 0 0 0 0 0 0 0 0 0 1 1 0 1 1 1 1 1 1 1 0 0 
1 1 0 0 0 0 0 1 1 0 1 1 0 1 1 1 1 0 1 0 1 1 0 0 0 1 1 1 0 0 0 1 1 0 1 0 0 1 1 1 1 0 0 0 1 0 1 0 0 0 1 1 1 1 0 0 0 1 1 0 1 1 1 1 0 1 1 0 0 0 0 0 0 0 0 1 0 1 1 0 1 0 0 0 1 
0 0 1 1 0 1 1 1 1 0 1 0 1 0 0 1 0 0 1 0 0 0 1 1 1 1 0 0 1 1 1 1 1 1 1 1 0 0 1 1 0 0 1 1 0 0 0 0 0 1 1 1 1 0 0 0 1 1 0 1 0 0 0 1 1 1 1 1 1 0 1 1 0 0 0 1 0 0 1 1 1 0 0 0 0 
0 1 0 1 1 1 1 1 1 1 0 1 0 0 0 0 1 0 0 1 0 1 0 1 1 1 0 1 1 1 0 1 0 0 1 1 1 0 1 0 1 1 1 1 1 0 1 0 0 0 0 0 1 0 1 0 1 0 0 0 1 0 1 1 0 0 0 1 1 1 1 0 1 1 0 0 1 1 1 1 1 1 1 1 1 
1 1 0 1 1 0 0 1 1 1 1 0 1 0 1 1 0 1 0 1 1 0 0 1 1 1 0 0 0 1 1 1 1 1 0 0 1 0 0 1 1 1 1 1 0 0 0 0 1 0 1 1 0 1 0 0 0 0 0 0 0 0 0 1 1 0 1 1 1 1 0 0 1 1 1 1 1 1 1 0 1 0 1 0 1 
1 0 1 0 0 1 0 0 1 1 0 0 0 1 1 0 1 1 1 0 1 0 1 0 1 1 0 1 1 0 0 0 0 1 0 0 0 0 1 0 1 1 0 0 0 1 0 1 0 1 1 1 1 0 0 0 1 0 1 0 0 1 1 0 0 1 0 0 0 1 0 1 0 0 1 0 1 1 1 0 0 0 1 1 0 
1 1 0 1 0 0 1 1 1 1 1 1 0 0 1 1 0 0 0 1 0 0 0 1 0 0 0 0 0 1 1 1 1 1 1 1 1 0 1 1 0 0 0 0 0 1 1 1 1 1 0 1 0 0 1 0 1 1 0 1 0 1 0 1 0 1 1 0 0 0 1 0 0 1 0 1 0 1 0 1 1 0 1 1 0 
0 1 1 1 1 0 1 1 1 1 1 0 0 1 0 0 0 0 0 1 0 1 1 0 1 1 1 1 0 0 0 0 1 1 1 0 0 0 1 1 1 1 1 1 0 0 1 1 0 0 0 1 1 0 1 1 1 0 0 1 0 0 1 1 0 0 1 0 0 1 1 0 0 0 1 0 0 1 1 1 1 0 0 0 0 

