0
8284
8284
8284
23735
15451
24829
24829
24829
59711
89593
109541
96615
160190
160190
127568
115895
214337
189999
170967
205871
214337
240005
272530
313688
377138
405310
399142
405310
403137
437993
448143
476322
476322
398624
305193
484968
498073
540468
373490
509141
558209
550827
579615
545924
580709
580709
567604
666003
627846
704376
762575
769103
834346
793759
815171
834346
784540
793008
824185
771159
833602
868363
957794
977061
878544
998211
1057030
1125024
930283
817214
1092658
1155411
1196599
1253021
1322039
1339118
1267721
1392860
1262946
1338414
1394026
1394026
1315613
1380921
1423864
1367766
1438730
1383798
1442447
1445910
1336301
1454557
1502525
1471268
1431765
1520274
1519136
1546426
1442320
1368744
1539884
1607026
1512748
1622485
1575405
1727981
1493208
1706715
1598497
1721165
1751953
1466868
1721653
1762809
1762809
1609722
1703794
1743715
1580958
1739736
1639178
1844981
1598303
1844981
1844981
1719482
1698513
1411369
1689945
1866722
1901000
1939348
1912263
1920794
1959934
2013107
1896485
2043936
1497018
1900335
2099953
2038048
2100470
2044792
1494494
2188051
2156178
1959925
2208555
1889822
2178576
2246597
2133607
2293488
2167738
2090203
2249589
2246989
2310793
1992552
2326700
2353292
2282388
2441500
2302311
2496173
2330653
2678689
2644627
2664327
2630102
2663971
2650031
2673851
2702139
2750217
2751086
2751086
2251479
2730668
2602439
2662107
2694511
2715907
2317054
2675560
2528226
2759647
2468560
2880733
2662167
2798671
2938772
3061316
3120522
3102879
2240702
3139057
2732395
3168696
3177022
3219863
3031938
3120269
3121116
3115501
3176551
3315127
3308501
3261670
3143988
3249315
3340967
3278079
3117897
3345381
3475150
3412229
3475150
3475150
3446887
3302683
3475302
3412499
3453762
3455816
3543323
3510914
3006681
3542934
3279362
3403968
3552456
3475482
3530772
3584162
3602359
3312834
3757816
3804036
3214924
3816710
3700173
3652131
3893093
3784283
3883775
3883420
3829986
3907340
3787449
3478694
3095712
3621201
3951345
3963154
3976228
3979581
4035962
4092612
4081269
3786608
4008056
3731455
3085172
4032931
4080828
3507766
4006002
3688187
4083735
4213282
4137619
4272997
4147718
4056259
4335154
4445461
4267694
4472729
4155169
4492458
4538721
4162297
4548409
4531702
4585145
4502782
4518081
4626661
4266933
4635149
3413497
4638149
4644260
4550120
4640201
4316779
4360637
4675625
4576079
4387476
3885787
4554270
4644057
4545629
4777220
4678421
4535528
4557847
4762646
4798260
4872773
4642305
4772500
4937404
4842402
4879371
4587760
4423579
4957535
4918416
4949770
5030052
4919061
5058196
4749425
5129031
5069325
5067458
4716593
5159885
5061555
5279568
5262985
5201193
4956967
4582336
5508614
4981978
5115481
5413364
5096279
5402381
4901631
5471804
4642606
5432930
5550376
5341638
5699302
5742300
5781812
5637253
5562833
5341866
5135239
5649362
5847977
5785194
5836430
5872880
5187673
5841059
5300971
5917111
5557489
4695077
5941711
5686419
3408146
5834577
6028703
5819566
6038183
5970466
6173378
5922362
6190038
5999291
6253287
6191279
6248750
5790491
6179207
6124263
6302806
6317075
6243636
6422994
3706754
6240949
5186165
5778413
6286203
2190407
6360831
6431829
6556168
6394020
6603948
6144372
6666049
6684141
5036319
6402353
6707915
6531917
6462707
6444859
6633829
6554416
6437332
6316471
6712469
6662578
6173712
6653256
5370486
6041523
6717204
5697859
4069346
6332411
6827773
6605804
6795458
6723979
6899105
6630084
6918206
6927663
5880604
6348301
7027573
4666927
6922993
6350190
6321436
7079975
6315768
7114373
6985538
5498780
5588327
6994551
7151546
6897052
3248461
6935618
7195870
7246800
7159634
6838344
7083091
6158974
6633332
7359926
7345542
7139990
7247642
7458983
7390974
7612630
7535782
7508612
7651301
7350227
7718285
7334801
7729340
7193259
7694655
7297775
7262204
7793322
7376458
7386273
6117671
6948187
7052386
7185137
7905757
7963113
7960041
7933866
7433183
8000210
8009988
8067504
8084771
7840986
8022808
8110477
8010619
6987070
7847778
6223028
8071560
