1 --> 1 
2 --> 2 
3 --> 3 
4 --> 4 
5 --> 5 
6 --> 6 
7 --> 7 
8 --> 8 
9 --> 9 
10 --> 0 1 
11 --> 0 1 
12 --> 1 2 3 
13 --> 1 2 3 
14 --> 1 4 5 
15 --> 1 4 5 
16 --> 1 6 7 
17 --> 1 6 7 
18 --> 1 8 9 
19 --> 1 8 9 
20 --> 0 2 
21 --> 1 2 3 
22 --> 0 2 
23 --> 1 2 3 
24 --> 2 4 6 
25 --> 2 5 7 
26 --> 2 4 6 
27 --> 2 5 7 
28 --> 2 8 10 
29 --> 2 9 11 
30 --> 0 3 
31 --> 1 2 3 
32 --> 1 2 3 
33 --> 0 3 
34 --> 3 4 7 
35 --> 3 5 6 
36 --> 3 5 6 
37 --> 3 4 7 
38 --> 3 8 11 
39 --> 3 9 10 
40 --> 0 4 
41 --> 1 4 5 
42 --> 2 4 6 
43 --> 3 4 7 
44 --> 0 4 
45 --> 1 4 5 
46 --> 2 4 6 
47 --> 3 4 7 
48 --> 4 8 12 
49 --> 4 9 13 
50 --> 0 5 
51 --> 1 4 5 
52 --> 2 5 7 
53 --> 3 5 6 
54 --> 1 4 5 
55 --> 0 5 
56 --> 3 5 6 
57 --> 2 5 7 
58 --> 5 8 13 
59 --> 5 9 12 
60 --> 0 6 
61 --> 1 6 7 
62 --> 2 4 6 
63 --> 3 5 6 
64 --> 2 4 6 
65 --> 3 5 6 
66 --> 0 6 
67 --> 1 6 7 
68 --> 6 8 14 
69 --> 6 9 15 
70 --> 0 7 
71 --> 1 6 7 
72 --> 2 5 7 
73 --> 3 4 7 
74 --> 3 4 7 
75 --> 2 5 7 
76 --> 1 6 7 
77 --> 0 7 
78 --> 7 8 15 
79 --> 7 9 14 
80 --> 0 8 
81 --> 1 8 9 
82 --> 2 8 10 
83 --> 3 8 11 
84 --> 4 8 12 
85 --> 5 8 13 
86 --> 6 8 14 
87 --> 7 8 15 
88 --> 0 8 
89 --> 1 8 9 
90 --> 0 9 
91 --> 1 8 9 
92 --> 2 9 11 
93 --> 3 9 10 
94 --> 4 9 13 
95 --> 5 9 12 
96 --> 6 9 15 
97 --> 7 9 14 
98 --> 1 8 9 
99 --> 0 9 
100 --> 0 1 
101 --> 0 1 
102 --> 0 1 2 3 
103 --> 0 1 2 3 
104 --> 0 1 4 5 
105 --> 0 1 4 5 
106 --> 0 1 6 7 
107 --> 0 1 6 7 
108 --> 0 1 8 9 
109 --> 0 1 8 9 
110 --> 0 1 
111 --> 0 1 
112 --> 0 1 2 3 
113 --> 0 1 2 3 
114 --> 0 1 4 5 
115 --> 0 1 4 5 
116 --> 0 1 6 7 
117 --> 0 1 6 7 
118 --> 0 1 8 9 
119 --> 0 1 8 9 
120 --> 0 1 2 3 
121 --> 1 2 3 
122 --> 0 1 2 3 
123 --> 0 1 2 3 
124 --> 1 2 3 4 6 7 
125 --> 1 2 3 5 6 7 
126 --> 1 2 3 4 5 6 
127 --> 1 2 3 4 5 7 
128 --> 1 2 3 8 10 11 
129 --> 1 2 3 9 10 11 
130 --> 0 1 2 3 
131 --> 1 2 3 
132 --> 0 1 2 3 
133 --> 0 1 2 3 
134 --> 1 2 3 4 6 7 
135 --> 1 2 3 5 6 7 
136 --> 1 2 3 4 5 6 
137 --> 1 2 3 4 5 7 
138 --> 1 2 3 8 10 11 
139 --> 1 2 3 9 10 11 
140 --> 0 1 4 5 
141 --> 1 4 5 
142 --> 1 2 4 5 6 7 
143 --> 1 3 4 5 6 7 
144 --> 0 1 4 5 
145 --> 0 1 4 5 
146 --> 1 2 3 4 5 6 
147 --> 1 2 3 4 5 7 
148 --> 1 4 5 8 12 13 
149 --> 1 4 5 9 12 13 
150 --> 0 1 4 5 
151 --> 1 4 5 
152 --> 1 2 4 5 6 7 
153 --> 1 3 4 5 6 7 
154 --> 0 1 4 5 
155 --> 0 1 4 5 
156 --> 1 2 3 4 5 6 
157 --> 1 2 3 4 5 7 
158 --> 1 4 5 8 12 13 
159 --> 1 4 5 9 12 13 
160 --> 0 1 6 7 
161 --> 1 6 7 
162 --> 1 2 4 5 6 7 
163 --> 1 3 4 5 6 7 
164 --> 1 2 3 4 6 7 
165 --> 1 2 3 5 6 7 
166 --> 0 1 6 7 
167 --> 0 1 6 7 
168 --> 1 6 7 8 14 15 
169 --> 1 6 7 9 14 15 
170 --> 0 1 6 7 
171 --> 1 6 7 
172 --> 1 2 4 5 6 7 
173 --> 1 3 4 5 6 7 
174 --> 1 2 3 4 6 7 
175 --> 1 2 3 5 6 7 
176 --> 0 1 6 7 
177 --> 0 1 6 7 
178 --> 1 6 7 8 14 15 
179 --> 1 6 7 9 14 15 
180 --> 0 1 8 9 
181 --> 1 8 9 
182 --> 1 2 8 9 10 11 
183 --> 1 3 8 9 10 11 
184 --> 1 4 8 9 12 13 
185 --> 1 5 8 9 12 13 
186 --> 1 6 8 9 14 15 
187 --> 1 7 8 9 14 15 
188 --> 0 1 8 9 
189 --> 0 1 8 9 
190 --> 0 1 8 9 
191 --> 1 8 9 
192 --> 1 2 8 9 10 11 
193 --> 1 3 8 9 10 11 
194 --> 1 4 8 9 12 13 
195 --> 1 5 8 9 12 13 
196 --> 1 6 8 9 14 15 
197 --> 1 7 8 9 14 15 
198 --> 0 1 8 9 
199 --> 0 1 8 9 
200 --> 0 2 
201 --> 0 1 2 3 
202 --> 0 2 
203 --> 0 1 2 3 
204 --> 0 2 4 6 
205 --> 0 2 5 7 
206 --> 0 2 4 6 
207 --> 0 2 5 7 
208 --> 0 2 8 10 
209 --> 0 2 9 11 
210 --> 0 1 2 3 
211 --> 0 1 2 3 
212 --> 1 2 3 
213 --> 0 1 2 3 
214 --> 1 2 3 4 5 7 
215 --> 1 2 3 4 5 6 
216 --> 1 2 3 5 6 7 
217 --> 1 2 3 4 6 7 
218 --> 1 2 3 8 9 11 
219 --> 1 2 3 8 9 10 
220 --> 0 2 
221 --> 0 1 2 3 
222 --> 0 2 
223 --> 0 1 2 3 
224 --> 0 2 4 6 
225 --> 0 2 5 7 
226 --> 0 2 4 6 
227 --> 0 2 5 7 
228 --> 0 2 8 10 
229 --> 0 2 9 11 
230 --> 0 1 2 3 
231 --> 0 1 2 3 
232 --> 1 2 3 
233 --> 0 1 2 3 
234 --> 1 2 3 4 5 7 
235 --> 1 2 3 4 5 6 
236 --> 1 2 3 5 6 7 
237 --> 1 2 3 4 6 7 
238 --> 1 2 3 8 9 11 
239 --> 1 2 3 8 9 10 
240 --> 0 2 4 6 
241 --> 1 2 4 5 6 7 
242 --> 2 4 6 
243 --> 2 3 4 5 6 7 
244 --> 0 2 4 6 
245 --> 1 2 3 4 5 6 
246 --> 0 2 4 6 
247 --> 1 2 3 4 6 7 
248 --> 2 4 6 8 12 14 
249 --> 2 4 6 9 13 15 
250 --> 0 2 5 7 
251 --> 1 2 4 5 6 7 
252 --> 2 5 7 
253 --> 2 3 4 5 6 7 
254 --> 1 2 3 4 5 7 
255 --> 0 2 5 7 
256 --> 1 2 3 5 6 7 
257 --> 0 2 5 7 
258 --> 2 5 7 8 13 15 
259 --> 2 5 7 9 12 14 
260 --> 0 2 4 6 
261 --> 1 2 4 5 6 7 
262 --> 2 4 6 
263 --> 2 3 4 5 6 7 
264 --> 0 2 4 6 
265 --> 1 2 3 4 5 6 
266 --> 0 2 4 6 
267 --> 1 2 3 4 6 7 
268 --> 2 4 6 8 12 14 
269 --> 2 4 6 9 13 15 
270 --> 0 2 5 7 
271 --> 1 2 4 5 6 7 
272 --> 2 5 7 
273 --> 2 3 4 5 6 7 
274 --> 1 2 3 4 5 7 
275 --> 0 2 5 7 
276 --> 1 2 3 5 6 7 
277 --> 0 2 5 7 
278 --> 2 5 7 8 13 15 
279 --> 2 5 7 9 12 14 
280 --> 0 2 8 10 
281 --> 1 2 8 9 10 11 
282 --> 2 8 10 
283 --> 2 3 8 9 10 11 
284 --> 2 4 8 10 12 14 
285 --> 2 5 8 10 13 15 
286 --> 2 6 8 10 12 14 
287 --> 2 7 8 10 13 15 
288 --> 0 2 8 10 
289 --> 1 2 3 8 9 10 
290 --> 0 2 9 11 
291 --> 1 2 8 9 10 11 
292 --> 2 9 11 
293 --> 2 3 8 9 10 11 
294 --> 2 4 9 11 13 15 
295 --> 2 5 9 11 12 14 
296 --> 2 6 9 11 13 15 
297 --> 2 7 9 11 12 14 
298 --> 1 2 3 8 9 11 
299 --> 0 2 9 11 
300 --> 0 3 
301 --> 0 1 2 3 
302 --> 0 1 2 3 
303 --> 0 3 
304 --> 0 3 4 7 
305 --> 0 3 5 6 
306 --> 0 3 5 6 
307 --> 0 3 4 7 
308 --> 0 3 8 11 
309 --> 0 3 9 10 
310 --> 0 1 2 3 
311 --> 0 1 2 3 
312 --> 0 1 2 3 
313 --> 1 2 3 
314 --> 1 2 3 4 5 6 
315 --> 1 2 3 4 5 7 
316 --> 1 2 3 4 6 7 
317 --> 1 2 3 5 6 7 
318 --> 1 2 3 8 9 10 
319 --> 1 2 3 8 9 11 
320 --> 0 1 2 3 
321 --> 0 1 2 3 
322 --> 0 1 2 3 
323 --> 1 2 3 
324 --> 1 2 3 4 5 6 
325 --> 1 2 3 4 5 7 
326 --> 1 2 3 4 6 7 
327 --> 1 2 3 5 6 7 
328 --> 1 2 3 8 9 10 
329 --> 1 2 3 8 9 11 
330 --> 0 3 
331 --> 0 1 2 3 
332 --> 0 1 2 3 
333 --> 0 3 
334 --> 0 3 4 7 
335 --> 0 3 5 6 
336 --> 0 3 5 6 
337 --> 0 3 4 7 
338 --> 0 3 8 11 
339 --> 0 3 9 10 
340 --> 0 3 4 7 
341 --> 1 3 4 5 6 7 
342 --> 2 3 4 5 6 7 
343 --> 3 4 7 
344 --> 0 3 4 7 
345 --> 1 2 3 4 5 7 
346 --> 1 2 3 4 6 7 
347 --> 0 3 4 7 
348 --> 3 4 7 8 12 15 
349 --> 3 4 7 9 13 14 
350 --> 0 3 5 6 
351 --> 1 3 4 5 6 7 
352 --> 2 3 4 5 6 7 
353 --> 3 5 6 
354 --> 1 2 3 4 5 6 
355 --> 0 3 5 6 
356 --> 0 3 5 6 
357 --> 1 2 3 5 6 7 
358 --> 3 5 6 8 13 14 
359 --> 3 5 6 9 12 15 
360 --> 0 3 5 6 
361 --> 1 3 4 5 6 7 
362 --> 2 3 4 5 6 7 
363 --> 3 5 6 
364 --> 1 2 3 4 5 6 
365 --> 0 3 5 6 
366 --> 0 3 5 6 
367 --> 1 2 3 5 6 7 
368 --> 3 5 6 8 13 14 
369 --> 3 5 6 9 12 15 
370 --> 0 3 4 7 
371 --> 1 3 4 5 6 7 
372 --> 2 3 4 5 6 7 
373 --> 3 4 7 
374 --> 0 3 4 7 
375 --> 1 2 3 4 5 7 
376 --> 1 2 3 4 6 7 
377 --> 0 3 4 7 
378 --> 3 4 7 8 12 15 
379 --> 3 4 7 9 13 14 
380 --> 0 3 8 11 
381 --> 1 3 8 9 10 11 
382 --> 2 3 8 9 10 11 
383 --> 3 8 11 
384 --> 3 4 8 11 12 15 
385 --> 3 5 8 11 13 14 
386 --> 3 6 8 11 13 14 
387 --> 3 7 8 11 12 15 
388 --> 0 3 8 11 
389 --> 1 2 3 8 9 11 
390 --> 0 3 9 10 
391 --> 1 3 8 9 10 11 
392 --> 2 3 8 9 10 11 
393 --> 3 9 10 
394 --> 3 4 9 10 13 14 
395 --> 3 5 9 10 12 15 
396 --> 3 6 9 10 12 15 
397 --> 3 7 9 10 13 14 
398 --> 1 2 3 8 9 10 
399 --> 0 3 9 10 
400 --> 0 4 
401 --> 0 1 4 5 
402 --> 0 2 4 6 
403 --> 0 3 4 7 
404 --> 0 4 
405 --> 0 1 4 5 
406 --> 0 2 4 6 
407 --> 0 3 4 7 
408 --> 0 4 8 12 
409 --> 0 4 9 13 
410 --> 0 1 4 5 
411 --> 0 1 4 5 
412 --> 1 2 3 4 5 7 
413 --> 1 2 3 4 5 6 
414 --> 1 4 5 
415 --> 0 1 4 5 
416 --> 1 3 4 5 6 7 
417 --> 1 2 4 5 6 7 
418 --> 1 4 5 8 9 13 
419 --> 1 4 5 8 9 12 
420 --> 0 2 4 6 
421 --> 1 2 3 4 6 7 
422 --> 0 2 4 6 
423 --> 1 2 3 4 5 6 
424 --> 2 4 6 
425 --> 2 3 4 5 6 7 
426 --> 0 2 4 6 
427 --> 1 2 4 5 6 7 
428 --> 2 4 6 8 10 14 
429 --> 2 4 6 9 11 15 
430 --> 0 3 4 7 
431 --> 1 2 3 4 6 7 
432 --> 1 2 3 4 5 7 
433 --> 0 3 4 7 
434 --> 3 4 7 
435 --> 2 3 4 5 6 7 
436 --> 1 3 4 5 6 7 
437 --> 0 3 4 7 
438 --> 3 4 7 8 11 15 
439 --> 3 4 7 9 10 14 
440 --> 0 4 
441 --> 0 1 4 5 
442 --> 0 2 4 6 
443 --> 0 3 4 7 
444 --> 0 4 
445 --> 0 1 4 5 
446 --> 0 2 4 6 
447 --> 0 3 4 7 
448 --> 0 4 8 12 
449 --> 0 4 9 13 
450 --> 0 1 4 5 
451 --> 0 1 4 5 
452 --> 1 2 3 4 5 7 
453 --> 1 2 3 4 5 6 
454 --> 1 4 5 
455 --> 0 1 4 5 
456 --> 1 3 4 5 6 7 
457 --> 1 2 4 5 6 7 
458 --> 1 4 5 8 9 13 
459 --> 1 4 5 8 9 12 
460 --> 0 2 4 6 
461 --> 1 2 3 4 6 7 
462 --> 0 2 4 6 
463 --> 1 2 3 4 5 6 
464 --> 2 4 6 
465 --> 2 3 4 5 6 7 
466 --> 0 2 4 6 
467 --> 1 2 4 5 6 7 
468 --> 2 4 6 8 10 14 
469 --> 2 4 6 9 11 15 
470 --> 0 3 4 7 
471 --> 1 2 3 4 6 7 
472 --> 1 2 3 4 5 7 
473 --> 0 3 4 7 
474 --> 3 4 7 
475 --> 2 3 4 5 6 7 
476 --> 1 3 4 5 6 7 
477 --> 0 3 4 7 
478 --> 3 4 7 8 11 15 
479 --> 3 4 7 9 10 14 
480 --> 0 4 8 12 
481 --> 1 4 8 9 12 13 
482 --> 2 4 8 10 12 14 
483 --> 3 4 8 11 12 15 
484 --> 4 8 12 
485 --> 4 5 8 9 12 13 
486 --> 4 6 8 10 12 14 
487 --> 4 7 8 11 12 15 
488 --> 0 4 8 12 
489 --> 1 4 5 8 9 12 
490 --> 0 4 9 13 
491 --> 1 4 8 9 12 13 
492 --> 2 4 9 11 13 15 
493 --> 3 4 9 10 13 14 
494 --> 4 9 13 
495 --> 4 5 8 9 12 13 
496 --> 4 6 9 11 13 15 
497 --> 4 7 9 10 13 14 
498 --> 1 4 5 8 9 13 
499 --> 0 4 9 13 
500 --> 0 5 
501 --> 0 1 4 5 
502 --> 0 2 5 7 
503 --> 0 3 5 6 
504 --> 0 1 4 5 
505 --> 0 5 
506 --> 0 3 5 6 
507 --> 0 2 5 7 
508 --> 0 5 8 13 
509 --> 0 5 9 12 
510 --> 0 1 4 5 
511 --> 0 1 4 5 
512 --> 1 2 3 4 5 6 
513 --> 1 2 3 4 5 7 
514 --> 0 1 4 5 
515 --> 1 4 5 
516 --> 1 2 4 5 6 7 
517 --> 1 3 4 5 6 7 
518 --> 1 4 5 8 9 12 
519 --> 1 4 5 8 9 13 
520 --> 0 2 5 7 
521 --> 1 2 3 5 6 7 
522 --> 0 2 5 7 
523 --> 1 2 3 4 5 7 
524 --> 2 3 4 5 6 7 
525 --> 2 5 7 
526 --> 1 2 4 5 6 7 
527 --> 0 2 5 7 
528 --> 2 5 7 8 10 15 
529 --> 2 5 7 9 11 14 
530 --> 0 3 5 6 
531 --> 1 2 3 5 6 7 
532 --> 1 2 3 4 5 6 
533 --> 0 3 5 6 
534 --> 2 3 4 5 6 7 
535 --> 3 5 6 
536 --> 0 3 5 6 
537 --> 1 3 4 5 6 7 
538 --> 3 5 6 8 11 14 
539 --> 3 5 6 9 10 15 
540 --> 0 1 4 5 
541 --> 0 1 4 5 
542 --> 1 2 3 4 5 6 
543 --> 1 2 3 4 5 7 
544 --> 0 1 4 5 
545 --> 1 4 5 
546 --> 1 2 4 5 6 7 
547 --> 1 3 4 5 6 7 
548 --> 1 4 5 8 9 12 
549 --> 1 4 5 8 9 13 
550 --> 0 5 
551 --> 0 1 4 5 
552 --> 0 2 5 7 
553 --> 0 3 5 6 
554 --> 0 1 4 5 
555 --> 0 5 
556 --> 0 3 5 6 
557 --> 0 2 5 7 
558 --> 0 5 8 13 
559 --> 0 5 9 12 
560 --> 0 3 5 6 
561 --> 1 2 3 5 6 7 
562 --> 1 2 3 4 5 6 
563 --> 0 3 5 6 
564 --> 2 3 4 5 6 7 
565 --> 3 5 6 
566 --> 0 3 5 6 
567 --> 1 3 4 5 6 7 
568 --> 3 5 6 8 11 14 
569 --> 3 5 6 9 10 15 
570 --> 0 2 5 7 
571 --> 1 2 3 5 6 7 
572 --> 0 2 5 7 
573 --> 1 2 3 4 5 7 
574 --> 2 3 4 5 6 7 
575 --> 2 5 7 
576 --> 1 2 4 5 6 7 
577 --> 0 2 5 7 
578 --> 2 5 7 8 10 15 
579 --> 2 5 7 9 11 14 
580 --> 0 5 8 13 
581 --> 1 5 8 9 12 13 
582 --> 2 5 8 10 13 15 
583 --> 3 5 8 11 13 14 
584 --> 4 5 8 9 12 13 
585 --> 5 8 13 
586 --> 5 6 8 11 13 14 
587 --> 5 7 8 10 13 15 
588 --> 0 5 8 13 
589 --> 1 4 5 8 9 13 
590 --> 0 5 9 12 
591 --> 1 5 8 9 12 13 
592 --> 2 5 9 11 12 14 
593 --> 3 5 9 10 12 15 
594 --> 4 5 8 9 12 13 
595 --> 5 9 12 
596 --> 5 6 9 10 12 15 
597 --> 5 7 9 11 12 14 
598 --> 1 4 5 8 9 12 
599 --> 0 5 9 12 
600 --> 0 6 
601 --> 0 1 6 7 
602 --> 0 2 4 6 
603 --> 0 3 5 6 
604 --> 0 2 4 6 
605 --> 0 3 5 6 
606 --> 0 6 
607 --> 0 1 6 7 
608 --> 0 6 8 14 
609 --> 0 6 9 15 
610 --> 0 1 6 7 
611 --> 0 1 6 7 
612 --> 1 2 3 5 6 7 
613 --> 1 2 3 4 6 7 
614 --> 1 3 4 5 6 7 
615 --> 1 2 4 5 6 7 
616 --> 1 6 7 
617 --> 0 1 6 7 
618 --> 1 6 7 8 9 15 
619 --> 1 6 7 8 9 14 
620 --> 0 2 4 6 
621 --> 1 2 3 4 5 6 
622 --> 0 2 4 6 
623 --> 1 2 3 4 6 7 
624 --> 0 2 4 6 
625 --> 1 2 4 5 6 7 
626 --> 2 4 6 
627 --> 2 3 4 5 6 7 
628 --> 2 4 6 8 10 12 
629 --> 2 4 6 9 11 13 
630 --> 0 3 5 6 
631 --> 1 2 3 4 5 6 
632 --> 1 2 3 5 6 7 
633 --> 0 3 5 6 
634 --> 1 3 4 5 6 7 
635 --> 0 3 5 6 
636 --> 3 5 6 
637 --> 2 3 4 5 6 7 
638 --> 3 5 6 8 11 13 
639 --> 3 5 6 9 10 12 
640 --> 0 2 4 6 
641 --> 1 2 3 4 5 6 
642 --> 0 2 4 6 
643 --> 1 2 3 4 6 7 
644 --> 0 2 4 6 
645 --> 1 2 4 5 6 7 
646 --> 2 4 6 
647 --> 2 3 4 5 6 7 
648 --> 2 4 6 8 10 12 
649 --> 2 4 6 9 11 13 
650 --> 0 3 5 6 
651 --> 1 2 3 4 5 6 
652 --> 1 2 3 5 6 7 
653 --> 0 3 5 6 
654 --> 1 3 4 5 6 7 
655 --> 0 3 5 6 
656 --> 3 5 6 
657 --> 2 3 4 5 6 7 
658 --> 3 5 6 8 11 13 
659 --> 3 5 6 9 10 12 
660 --> 0 6 
661 --> 0 1 6 7 
662 --> 0 2 4 6 
663 --> 0 3 5 6 
664 --> 0 2 4 6 
665 --> 0 3 5 6 
666 --> 0 6 
667 --> 0 1 6 7 
668 --> 0 6 8 14 
669 --> 0 6 9 15 
670 --> 0 1 6 7 
671 --> 0 1 6 7 
672 --> 1 2 3 5 6 7 
673 --> 1 2 3 4 6 7 
674 --> 1 3 4 5 6 7 
675 --> 1 2 4 5 6 7 
676 --> 1 6 7 
677 --> 0 1 6 7 
678 --> 1 6 7 8 9 15 
679 --> 1 6 7 8 9 14 
680 --> 0 6 8 14 
681 --> 1 6 8 9 14 15 
682 --> 2 6 8 10 12 14 
683 --> 3 6 8 11 13 14 
684 --> 4 6 8 10 12 14 
685 --> 5 6 8 11 13 14 
686 --> 6 8 14 
687 --> 6 7 8 9 14 15 
688 --> 0 6 8 14 
689 --> 1 6 7 8 9 14 
690 --> 0 6 9 15 
691 --> 1 6 8 9 14 15 
692 --> 2 6 9 11 13 15 
693 --> 3 6 9 10 12 15 
694 --> 4 6 9 11 13 15 
695 --> 5 6 9 10 12 15 
696 --> 6 9 15 
697 --> 6 7 8 9 14 15 
698 --> 1 6 7 8 9 15 
699 --> 0 6 9 15 
700 --> 0 7 
701 --> 0 1 6 7 
702 --> 0 2 5 7 
703 --> 0 3 4 7 
704 --> 0 3 4 7 
705 --> 0 2 5 7 
706 --> 0 1 6 7 
707 --> 0 7 
708 --> 0 7 8 15 
709 --> 0 7 9 14 
710 --> 0 1 6 7 
711 --> 0 1 6 7 
712 --> 1 2 3 4 6 7 
713 --> 1 2 3 5 6 7 
714 --> 1 2 4 5 6 7 
715 --> 1 3 4 5 6 7 
716 --> 0 1 6 7 
717 --> 1 6 7 
718 --> 1 6 7 8 9 14 
719 --> 1 6 7 8 9 15 
720 --> 0 2 5 7 
721 --> 1 2 3 4 5 7 
722 --> 0 2 5 7 
723 --> 1 2 3 5 6 7 
724 --> 1 2 4 5 6 7 
725 --> 0 2 5 7 
726 --> 2 3 4 5 6 7 
727 --> 2 5 7 
728 --> 2 5 7 8 10 13 
729 --> 2 5 7 9 11 12 
730 --> 0 3 4 7 
731 --> 1 2 3 4 5 7 
732 --> 1 2 3 4 6 7 
733 --> 0 3 4 7 
734 --> 0 3 4 7 
735 --> 1 3 4 5 6 7 
736 --> 2 3 4 5 6 7 
737 --> 3 4 7 
738 --> 3 4 7 8 11 12 
739 --> 3 4 7 9 10 13 
740 --> 0 3 4 7 
741 --> 1 2 3 4 5 7 
742 --> 1 2 3 4 6 7 
743 --> 0 3 4 7 
744 --> 0 3 4 7 
745 --> 1 3 4 5 6 7 
746 --> 2 3 4 5 6 7 
747 --> 3 4 7 
748 --> 3 4 7 8 11 12 
749 --> 3 4 7 9 10 13 
750 --> 0 2 5 7 
751 --> 1 2 3 4 5 7 
752 --> 0 2 5 7 
753 --> 1 2 3 5 6 7 
754 --> 1 2 4 5 6 7 
755 --> 0 2 5 7 
756 --> 2 3 4 5 6 7 
757 --> 2 5 7 
758 --> 2 5 7 8 10 13 
759 --> 2 5 7 9 11 12 
760 --> 0 1 6 7 
761 --> 0 1 6 7 
762 --> 1 2 3 4 6 7 
763 --> 1 2 3 5 6 7 
764 --> 1 2 4 5 6 7 
765 --> 1 3 4 5 6 7 
766 --> 0 1 6 7 
767 --> 1 6 7 
768 --> 1 6 7 8 9 14 
769 --> 1 6 7 8 9 15 
770 --> 0 7 
771 --> 0 1 6 7 
772 --> 0 2 5 7 
773 --> 0 3 4 7 
774 --> 0 3 4 7 
775 --> 0 2 5 7 
776 --> 0 1 6 7 
777 --> 0 7 
778 --> 0 7 8 15 
779 --> 0 7 9 14 
780 --> 0 7 8 15 
781 --> 1 7 8 9 14 15 
782 --> 2 7 8 10 13 15 
783 --> 3 7 8 11 12 15 
784 --> 4 7 8 11 12 15 
785 --> 5 7 8 10 13 15 
786 --> 6 7 8 9 14 15 
787 --> 7 8 15 
788 --> 0 7 8 15 
789 --> 1 6 7 8 9 15 
790 --> 0 7 9 14 
791 --> 1 7 8 9 14 15 
792 --> 2 7 9 11 12 14 
793 --> 3 7 9 10 13 14 
794 --> 4 7 9 10 13 14 
795 --> 5 7 9 11 12 14 
796 --> 6 7 8 9 14 15 
797 --> 7 9 14 
798 --> 1 6 7 8 9 14 
799 --> 0 7 9 14 
800 --> 0 8 
801 --> 0 1 8 9 
802 --> 0 2 8 10 
803 --> 0 3 8 11 
804 --> 0 4 8 12 
805 --> 0 5 8 13 
806 --> 0 6 8 14 
807 --> 0 7 8 15 
808 --> 0 8 
809 --> 0 1 8 9 
810 --> 0 1 8 9 
811 --> 0 1 8 9 
812 --> 1 2 3 8 9 11 
813 --> 1 2 3 8 9 10 
814 --> 1 4 5 8 9 13 
815 --> 1 4 5 8 9 12 
816 --> 1 6 7 8 9 15 
817 --> 1 6 7 8 9 14 
818 --> 1 8 9 
819 --> 0 1 8 9 
820 --> 0 2 8 10 
821 --> 1 2 3 8 10 11 
822 --> 0 2 8 10 
823 --> 1 2 3 8 9 10 
824 --> 2 4 6 8 10 14 
825 --> 2 5 7 8 10 15 
826 --> 2 4 6 8 10 12 
827 --> 2 5 7 8 10 13 
828 --> 2 8 10 
829 --> 2 3 8 9 10 11 
830 --> 0 3 8 11 
831 --> 1 2 3 8 10 11 
832 --> 1 2 3 8 9 11 
833 --> 0 3 8 11 
834 --> 3 4 7 8 11 15 
835 --> 3 5 6 8 11 14 
836 --> 3 5 6 8 11 13 
837 --> 3 4 7 8 11 12 
838 --> 3 8 11 
839 --> 2 3 8 9 10 11 
840 --> 0 4 8 12 
841 --> 1 4 5 8 12 13 
842 --> 2 4 6 8 12 14 
843 --> 3 4 7 8 12 15 
844 --> 0 4 8 12 
845 --> 1 4 5 8 9 12 
846 --> 2 4 6 8 10 12 
847 --> 3 4 7 8 11 12 
848 --> 4 8 12 
849 --> 4 5 8 9 12 13 
850 --> 0 5 8 13 
851 --> 1 4 5 8 12 13 
852 --> 2 5 7 8 13 15 
853 --> 3 5 6 8 13 14 
854 --> 1 4 5 8 9 13 
855 --> 0 5 8 13 
856 --> 3 5 6 8 11 13 
857 --> 2 5 7 8 10 13 
858 --> 5 8 13 
859 --> 4 5 8 9 12 13 
860 --> 0 6 8 14 
861 --> 1 6 7 8 14 15 
862 --> 2 4 6 8 12 14 
863 --> 3 5 6 8 13 14 
864 --> 2 4 6 8 10 14 
865 --> 3 5 6 8 11 14 
866 --> 0 6 8 14 
867 --> 1 6 7 8 9 14 
868 --> 6 8 14 
869 --> 6 7 8 9 14 15 
870 --> 0 7 8 15 
871 --> 1 6 7 8 14 15 
872 --> 2 5 7 8 13 15 
873 --> 3 4 7 8 12 15 
874 --> 3 4 7 8 11 15 
875 --> 2 5 7 8 10 15 
876 --> 1 6 7 8 9 15 
877 --> 0 7 8 15 
878 --> 7 8 15 
879 --> 6 7 8 9 14 15 
880 --> 0 8 
881 --> 0 1 8 9 
882 --> 0 2 8 10 
883 --> 0 3 8 11 
884 --> 0 4 8 12 
885 --> 0 5 8 13 
886 --> 0 6 8 14 
887 --> 0 7 8 15 
888 --> 0 8 
889 --> 0 1 8 9 
890 --> 0 1 8 9 
891 --> 0 1 8 9 
892 --> 1 2 3 8 9 11 
893 --> 1 2 3 8 9 10 
894 --> 1 4 5 8 9 13 
895 --> 1 4 5 8 9 12 
896 --> 1 6 7 8 9 15 
897 --> 1 6 7 8 9 14 
898 --> 1 8 9 
899 --> 0 1 8 9 
900 --> 0 9 
901 --> 0 1 8 9 
902 --> 0 2 9 11 
903 --> 0 3 9 10 
904 --> 0 4 9 13 
905 --> 0 5 9 12 
906 --> 0 6 9 15 
907 --> 0 7 9 14 
908 --> 0 1 8 9 
909 --> 0 9 
910 --> 0 1 8 9 
911 --> 0 1 8 9 
912 --> 1 2 3 8 9 10 
913 --> 1 2 3 8 9 11 
914 --> 1 4 5 8 9 12 
915 --> 1 4 5 8 9 13 
916 --> 1 6 7 8 9 14 
917 --> 1 6 7 8 9 15 
918 --> 0 1 8 9 
919 --> 1 8 9 
920 --> 0 2 9 11 
921 --> 1 2 3 9 10 11 
922 --> 0 2 9 11 
923 --> 1 2 3 8 9 11 
924 --> 2 4 6 9 11 15 
925 --> 2 5 7 9 11 14 
926 --> 2 4 6 9 11 13 
927 --> 2 5 7 9 11 12 
928 --> 2 3 8 9 10 11 
929 --> 2 9 11 
930 --> 0 3 9 10 
931 --> 1 2 3 9 10 11 
932 --> 1 2 3 8 9 10 
933 --> 0 3 9 10 
934 --> 3 4 7 9 10 14 
935 --> 3 5 6 9 10 15 
936 --> 3 5 6 9 10 12 
937 --> 3 4 7 9 10 13 
938 --> 2 3 8 9 10 11 
939 --> 3 9 10 
940 --> 0 4 9 13 
941 --> 1 4 5 9 12 13 
942 --> 2 4 6 9 13 15 
943 --> 3 4 7 9 13 14 
944 --> 0 4 9 13 
945 --> 1 4 5 8 9 13 
946 --> 2 4 6 9 11 13 
947 --> 3 4 7 9 10 13 
948 --> 4 5 8 9 12 13 
949 --> 4 9 13 
950 --> 0 5 9 12 
951 --> 1 4 5 9 12 13 
952 --> 2 5 7 9 12 14 
953 --> 3 5 6 9 12 15 
954 --> 1 4 5 8 9 12 
955 --> 0 5 9 12 
956 --> 3 5 6 9 10 12 
957 --> 2 5 7 9 11 12 
958 --> 4 5 8 9 12 13 
959 --> 5 9 12 
960 --> 0 6 9 15 
961 --> 1 6 7 9 14 15 
962 --> 2 4 6 9 13 15 
963 --> 3 5 6 9 12 15 
964 --> 2 4 6 9 11 15 
965 --> 3 5 6 9 10 15 
966 --> 0 6 9 15 
967 --> 1 6 7 8 9 15 
968 --> 6 7 8 9 14 15 
969 --> 6 9 15 
970 --> 0 7 9 14 
971 --> 1 6 7 9 14 15 
972 --> 2 5 7 9 12 14 
973 --> 3 4 7 9 13 14 
974 --> 3 4 7 9 10 14 
975 --> 2 5 7 9 11 14 
976 --> 1 6 7 8 9 14 
977 --> 0 7 9 14 
978 --> 6 7 8 9 14 15 
979 --> 7 9 14 
980 --> 0 1 8 9 
981 --> 0 1 8 9 
982 --> 1 2 3 8 9 10 
983 --> 1 2 3 8 9 11 
984 --> 1 4 5 8 9 12 
985 --> 1 4 5 8 9 13 
986 --> 1 6 7 8 9 14 
987 --> 1 6 7 8 9 15 
988 --> 0 1 8 9 
989 --> 1 8 9 
990 --> 0 9 
991 --> 0 1 8 9 
992 --> 0 2 9 11 
993 --> 0 3 9 10 
994 --> 0 4 9 13 
995 --> 0 5 9 12 
996 --> 0 6 9 15 
997 --> 0 7 9 14 
998 --> 0 1 8 9 
999 --> 0 9 
1000 --> 0 1 
RunTime : 0.008169
