323
656
3095
3265
319
929
725
35
279
1167
6112
1163
948
41
17
3590
193
185
848
7542
244
84
1340
722
3
32
1711
21
1440
866
8
4011
5897
109
977
120
3066
662
1361
12
186
173
587
784
552
834
4011
315
163
2987
1940
1276
7639
1337
1757
2713
46
1322
0
12
1481
2530
1440
1025
4544
1250
1065
1799
178
141
1362
163
168
4499
1477
760
3981
324
2722
1983
79
499
2716
9
6744
2
3252
91
10
126
42
39
6183
5599
120
1178
140
7
543
2944
199
383
1059
212
4324
449
947
185
1980
1882
463
617
4602
230
9
1123
3787
71
738
86
299
159
677
4888
2269
13
4225
2134
2526
0
630
29
2254
3661
1239
5056
1162
5108
13
1723
3862
265
1320
1118
8738
3048
4288
2109
3485
15
2
2597
1121
32
772
58
606
5281
409
353
3587
4778
10
7190
36
121
5961
721
27
1737
2900
1076
1672
7
1781
2412
687
209
2
845
445
1736
1561
817
645
2959
1211
4309
2297
20
6846
183
0
4438
3905
1478
614
4382
1
137
280
1424
474
109
24
3526
120
4
815
429
3688
773
873
113
701
1453
106
22
2103
6012
539
3372
288
887
224
3863
34
20
413
917
13
21
5969
26
723
357
571
3613
5
1068
1815
4881
50
3905
222
3803
1103
126
118
429
3
8
251
1188
936
3693
0
2528
1387
752
3733
704
59
168
2296
183
97
24
359
549
4543
1
1005
3166
2700
1225
12
1130
1118
75
2523
3713
1482
2297
1581
0
2
