192
384044519 291456415 151772056 430891220 450359432 720200016 984670209 740398060 920412500 198320495 530786582 558358626 854645627 933816653 95448324 344097384 607669855 195919480 58681678 503714132 640477151 730572708 619546852 800171363 739677397 935010549 753266956 898921161 378425347 103669857 212870704 762469866 395126272 364642761 45877439 845485704 84842777 30547648 585883764 857771629 81384495 116670347 268646607 936030123 903003352 364094932 132643859 363189559 560014412 43841890 866903691 53007915 774414598 338966895 705695631 366608348 273977445 458962587 118045861 652402792 562632444 330916565 267389011 957758716 548075678 165782802 655760773 485434807 48846802 94160889 343206436 130231298 63347588 611853044 66261421 966350940 975947976 51421632 182056851 388478740 95263522 901476895 294003007 722194473 240443790 999698638 88802821 366937587 311177578 59365034 19340380 873810022 242797951 139245743 684085091 790873630 305028545 192362216 276308437 353875347 286523105 472031226 484106645 349870694 83884270 402884418 168737986 912348598 306822403 350794838 153343690 402085925 104788085 447346697 124280398 345231875 299561688 65599571 712169463 610739266 977480957 584026195 337065640 220278909 575788290 21150731 11152539 880816835 66029299 139977328 87208534 352552405 612008554 423831532 702423099 548409176 826715950 871161085 313274126 133538353 74472275 319134168 388140631 179260360 766480866 364937381 524492236 66042554 283053305 89178051 529298172 113050614 525720598 866363812 333329523 101508888 740030896 196998414 834842075 806060195 189492095 922050609 158612600 801500649 198398493 861035699 202426178 25114444 584713137 368216656 11169149 659185412 687350825 251826132 838445773 306348043 469279866 215454361 224906949 752333171 304632412 754205121 865383785 830353010 620568933 51229661 784378250 213116181 100744427 619220325 19176377 290236522 
287
50 85
53 102
23 129
39 151
27 62
83 144
40 91
65 77
160 192
29 97
15 169
7 70
28 89
178 190
85 92
21 135
48 73
108 134
73 130
6 173
156 188
68 88
87 164
4 54
33 35
12 23
29 111
72 81
56 130
13 69
89 94
19 141
33 190
147 169
127 191
154 175
70 186
29 80
33 106
134 140
129 156
23 47
56 104
118 175
59 105
6 59
19 141
19 52
138 165
28 136
74 163
28 98
16 190
108 185
30 113
30 132
140 155
67 141
130 130
42 49
108 188
15 112
56 130
66 130
29 166
8 73
103 170
35 118
14 40
110 133
113 190
137 163
111 139
11 140
48 124
54 108
39 165
122 158
59 166
11 95
151 168
18 61
17 116
50 56
2 159
189 191
31 144
136 154
13 18
102 124
141 155
39 51
32 191
17 164
154 175
46 113
127 150
39 45
50 95
51 158
125 154
76 114
56 121
38 68
11 138
151 192
102 165
9 35
6 89
70 159
72 115
93 143
49 188
131 162
90 97
22 85
6 122
162 178
71 126
117 135
145 180
93 117
102 154
23 159
92 190
125 133
14 140
34 126
36 135
95 96
4 51
181 190
56 150
53 175
92 163
44 188
23 88
32 176
54 61
59 142
17 138
63 94
85 160
27 91
4 186
71 186
44 175
68 164
4 114
88 96
83 85
11 107
43 107
90 103
103 160
33 49
48 96
5 142
127 169
95 130
34 153
9 141
135 140
10 176
62 72
146 169
26 180
68 124
85 94
43 125
75 187
106 173
42 123
169 174
77 163
68 170
50 101
16 43
190 192
59 116
93 135
76 160
7 80
45 100
91 142
41 149
22 88
2 126
16 108
42 50
19 184
92 117
132 133
6 130
3 121
60 137
85 135
36 169
140 141
80 103
121 153
48 123
14 56
93 113
154 163
26 142
45 66
177 181
5 58
72 114
51 173
80 135
120 179
171 191
67 122
27 101
95 114
127 139
59 150
27 185
40 85
18 129
71 105
113 174
98 128
53 178
132 142
121 128
60 99
126 190
92 98
14 25
35 192
12 21
103 157
13 49
95 142
55 177
161 165
36 100
66 152
15 150
78 91
22 142
48 75
20 139
44 108
24 43
14 36
128 170
138 140
87 91
106 139
13 78
48 108
50 173
7 7
60 162
73 148
3 55
20 138
13 63
37 53
106 130
41 136
81 108
52 70
30 39
16 52
123 171
28 163
168 170
35 98
11 117
65 171
119 190
4 11
61 127
38 104
47 65
44 142
65 191
37 113
94 192
73 152
123 123
162 164
