21
7 15
1 6 5 7 4 5 5 
7 4 5 3 5 4 5 
1 15
9 
9 
1 11
2 
1 
6 1
0 2 4 1 2 3 
8 5 1 5 2 6 
1 20
5 
5 
6 1
2 1 5 4 5 7 
3 8 7 5 1 3 
8 4
5 2 5 9 7 5 6 8 
0 0 6 2 9 2 9 6 
3 2
0 0 5 
7 7 9 
8 17
6 9 9 4 2 6 8 9 
7 5 4 3 5 6 3 4 
10 6
6 0 3 0 2 3 0 9 3 9 
0 0 6 7 9 5 1 4 4 9 
6 2
6 2 7 3 8 2 
7 9 9 5 2 3 
7 5
8 8 5 1 8 6 2 
4 5 3 1 8 9 5 
8 16
9 5 7 8 8 7 0 8 
9 0 3 1 3 9 7 3 
1 13
5 
8 
1 10
2 
5 
5 6
3 4 3 2 1 
2 9 0 2 0 
8 13
8 8 2 1 9 7 3 6 
3 3 1 8 3 3 9 7 
10 4
2 4 9 5 9 2 9 8 2 1 
8 2 6 8 0 0 2 2 0 5 
1 14
0 
3 
4 14
7 2 0 8 
7 4 2 9 
3 2
1 3 2 
6 5 2 
