276
6292378741456600103839750494519
199189121509
51
8
5
61
4
7
9
63
54
36
5
55
5
1
3
3
4
3
48
26
73
72
2
3
8
37
40
2
39
51
3
1
13
8
9
41
61
78
1
4
38
1
21
1
77
3
3
2
3
11
7
13
2
6
3
5
1
50
3
8
7
1
33
2
3
9
16
56
6
42
6
5
46
86
68
31
37
8
1
15
46
85
67
73
5
73
23
5
2
7
5
75
14
7
64
7
1
91
79
4
13
51
18
71
7
9
87
5
22
20
4
3
5
3
43
9
3
65
55
21
7
10
8
43
2
5
2
2
5
6
9
38
6
3
20
1
8
51
4
95
56
1
1
6
8
10
34
30
5
1
99
1
3
9
62
6
7
1
6
8
7
96
26
9
65
9
7
5
3
62
9
5
6
1
1
76
66
1
4
6
17
1
1
9
4
4
85
62
40
7
7
4
28
9
74
56
6
32
99
5
36
44
13
8
1
8
5
91
20
34
2
16
4
27
53
6
40
1
4
32
35
5
46
44
59
11
2
98
6
2
33
48
9
7
6
99
73
87
2
1
31
95
1
99
20
6
4
97
61
4
2
37
3
13
1
9
39
39
37
25
7
4
4
8
49
77
97
68
11
1
34
4
95
31
